100 100 30
26 14 21 30 13 02 28 12 16 08 11 18 05 21 04 10 10 14 12 04 26 26 21 09 29 04 26 02 19 04 21 14 17 11 13 21 04 02 24 20 10 05 07 06 17 02 16 18 07 19 13 24 06 03 02 04 29 19 05 17 23 25 23 09 28 27 22 23 29 15 12 30 11 10 27 20 03 04 07 02 14 20 25 19 22 27 22 12 07 18 29 29 05 13 30 24 09 13 16 29 
27 20 28 30 29 17 19 24 20 25 25 26 06 11 14 20 29 28 01 06 15 21 04 11 03 25 04 04 07 20 02 26 09 30 25 29 08 13 14 19 29 08 14 27 11 28 16 09 17 08 14 23 29 10 04 23 26 29 26 03 18 28 20 18 19 06 09 26 10 22 14 08 22 20 04 02 17 11 10 25 19 16 17 17 17 12 01 12 11 27 06 20 24 17 30 04 22 08 21 01 
29 26 01 20 15 26 13 23 07 15 17 25 22 26 03 08 07 03 11 09 21 17 21 14 25 20 09 17 27 29 17 17 25 17 29 09 05 11 24 11 17 10 27 08 27 29 15 04 23 26 04 14 04 24 19 20 13 28 06 01 18 15 18 04 23 08 05 27 18 28 07 05 07 03 12 04 23 19 29 16 06 24 21 01 10 09 20 14 28 26 15 16 02 24 19 24 01 23 21 10 
20 19 06 19 14 10 14 06 28 04 13 25 27 03 25 06 12 06 20 01 23 26 16 24 19 27 10 11 11 30 20 23 10 18 03 23 27 16 21 16 19 03 10 07 28 26 13 01 01 24 01 24 19 09 09 29 27 18 01 07 09 20 21 19 29 23 03 25 08 15 10 18 10 11 25 07 28 29 29 29 22 29 14 02 29 22 30 25 02 30 24 10 11 14 28 10 07 23 26 14 
07 06 02 16 08 18 14 06 16 12 26 07 11 09 08 01 22 29 26 23 28 19 03 30 02 22 09 08 06 27 14 13 02 07 20 01 24 04 06 01 15 23 07 17 23 06 18 15 04 05 29 23 23 23 14 16 07 15 16 12 11 29 16 04 27 06 04 20 01 02 12 15 24 18 24 17 15 03 23 10 07 13 02 21 28 07 06 04 21 13 07 01 11 23 04 07 20 08 18 20 
09 29 26 24 08 11 02 14 13 16 23 19 29 16 01 26 23 29 21 13 11 27 14 22 11 17 20 30 16 30 11 16 20 29 10 20 09 03 03 22 19 18 02 17 03 03 04 25 01 24 30 11 20 13 24 01 21 14 22 29 05 03 14 16 01 15 05 09 18 30 22 06 17 24 14 19 26 17 06 26 02 05 28 21 09 22 13 29 27 05 27 01 29 03 16 21 17 13 29 26 
12 13 23 28 06 06 08 23 14 13 10 15 09 07 28 17 28 10 08 16 06 04 16 04 28 24 24 15 28 15 10 01 27 03 20 02 30 27 24 06 02 03 12 10 01 09 19 21 11 26 06 16 21 22 20 19 07 05 03 26 19 04 26 07 28 15 30 20 11 15 25 04 09 28 06 10 29 24 30 09 19 05 16 09 18 27 27 16 02 21 11 12 25 06 19 22 20 10 03 23 
25 19 26 03 17 01 12 15 16 03 15 04 08 30 05 17 19 01 03 20 22 05 23 08 11 03 21 22 13 24 06 07 12 24 01 20 16 05 04 02 07 10 05 06 02 09 23 20 02 17 01 15 21 23 22 23 18 12 07 22 27 12 28 01 27 20 20 13 24 16 14 01 25 10 28 26 11 20 07 12 28 07 26 11 22 09 25 01 20 01 22 09 05 11 09 01 30 28 05 24 
13 18 16 30 28 13 17 30 25 24 11 14 22 28 24 05 06 19 05 25 11 26 25 15 28 03 08 28 01 12 13 05 22 20 04 11 02 21 10 18 06 20 02 27 17 17 24 14 05 28 30 08 16 25 14 13 27 21 02 19 25 14 24 16 25 27 18 19 09 27 06 14 08 29 03 16 16 26 29 12 15 28 19 22 22 03 05 11 15 28 29 01 04 14 08 28 03 25 16 11 
21 14 17 28 12 19 13 19 06 03 23 12 01 11 04 14 05 08 16 12 27 15 12 30 20 20 28 22 14 05 03 27 18 19 24 22 29 29 10 26 23 24 07 15 05 10 29 01 09 06 12 06 20 16 05 10 05 24 23 10 29 25 06 16 05 22 29 25 12 09 12 04 02 19 19 28 20 09 21 29 14 24 26 26 09 22 27 13 16 19 15 06 06 20 21 10 03 20 27 14 
20 08 10 13 18 20 03 30 28 15 20 03 08 15 28 17 06 16 21 13 05 05 18 02 17 01 03 11 12 29 17 23 29 26 27 16 07 29 07 26 13 26 28 13 10 18 29 08 03 11 12 29 16 30 30 24 22 03 04 03 23 12 17 21 07 13 29 05 04 05 30 08 01 28 20 02 07 18 09 09 29 13 30 06 12 21 21 03 15 16 27 08 28 13 20 26 17 10 01 20 
07 30 28 29 19 17 30 25 27 01 26 17 13 17 14 16 07 26 10 22 11 06 21 30 10 02 26 26 12 18 16 18 09 05 16 28 21 07 14 09 07 09 17 11 25 30 26 24 25 05 15 28 02 27 27 11 28 14 29 01 23 14 18 02 10 25 21 22 02 04 01 30 05 17 11 29 09 28 22 25 25 28 14 26 16 11 29 14 16 27 14 09 02 24 10 11 10 30 02 11 
25 02 03 29 11 05 20 11 02 03 27 26 01 11 14 08 13 12 21 28 08 27 28 09 12 29 19 21 20 20 24 15 14 26 13 16 30 24 26 23 27 22 11 19 24 24 26 06 05 09 26 04 05 23 12 08 14 22 28 03 03 21 09 16 08 14 23 07 07 18 22 03 02 02 21 25 17 17 23 13 25 18 16 21 02 19 28 15 10 17 10 04 30 18 12 07 01 04 06 08 
14 27 10 07 20 01 23 06 09 15 10 25 24 25 07 26 13 26 02 14 12 11 09 11 29 20 10 29 24 15 06 07 03 08 13 14 30 27 11 08 12 20 24 05 06 30 22 10 25 24 15 06 04 23 09 24 13 10 23 06 16 20 04 10 27 08 23 26 04 25 03 07 06 26 12 11 17 25 20 11 18 04 09 14 26 17 07 30 26 21 05 11 11 30 20 07 07 04 03 03 
28 27 09 03 15 12 05 01 07 24 12 16 19 20 21 06 28 20 06 15 10 02 25 20 02 06 19 30 01 13 24 20 09 03 14 23 06 18 16 12 03 19 20 13 30 10 18 27 29 15 11 01 09 27 12 02 24 30 23 24 12 17 13 13 11 18 27 16 05 12 20 29 22 09 11 21 10 20 17 01 05 19 01 13 15 04 06 08 26 28 23 29 14 27 11 24 14 30 02 18 
03 21 16 25 21 18 15 22 08 24 22 12 12 14 16 27 18 21 26 05 10 11 03 24 07 14 09 21 13 02 30 15 22 08 01 04 25 16 26 02 09 17 05 20 23 20 08 02 02 26 06 04 06 08 19 12 13 27 02 17 29 24 24 12 01 24 16 25 01 03 27 09 19 01 21 03 13 28 04 06 15 09 09 20 09 27 02 21 16 25 08 06 18 23 09 10 16 16 05 17 
18 23 17 29 15 07 01 19 27 05 25 11 05 25 01 13 14 24 04 29 10 03 26 28 25 04 29 02 20 03 18 07 17 05 05 02 03 06 20 29 02 06 02 06 23 24 11 06 17 14 04 26 08 29 15 24 24 14 25 13 08 13 20 25 09 16 18 03 13 29 02 06 27 25 04 19 18 14 24 26 19 19 13 26 09 20 19 02 25 05 15 02 09 26 18 17 03 27 20 16 
26 13 13 22 29 16 10 08 29 25 25 17 13 07 04 21 18 14 14 12 19 20 06 27 15 23 14 10 12 25 17 07 29 29 20 27 15 21 04 13 15 28 22 27 26 25 09 14 09 22 17 27 12 22 23 18 07 28 27 18 14 13 24 12 04 13 30 18 25 03 22 09 22 13 05 10 08 05 23 16 26 09 04 29 23 18 09 29 16 27 16 21 02 09 03 05 13 24 22 07 
27 13 07 10 18 03 19 25 07 03 02 24 04 05 15 26 14 23 24 29 19 01 12 20 01 06 16 05 29 07 03 17 12 09 27 29 11 07 15 09 02 16 02 05 12 16 22 25 30 07 16 19 07 27 30 07 02 16 11 30 14 13 09 17 13 05 15 23 03 21 01 04 06 24 30 09 02 13 04 01 19 19 11 17 07 11 23 30 18 25 21 23 29 29 10 11 25 16 25 28 
07 17 23 04 11 23 13 12 05 16 12 16 26 15 02 24 25 17 23 04 11 13 26 10 12 05 12 06 13 07 25 19 23 18 22 25 02 26 06 28 11 10 13 28 24 15 21 10 23 05 13 03 18 30 04 21 27 08 18 09 14 13 27 28 30 10 23 23 06 20 20 08 21 25 06 14 01 18 15 23 23 27 25 02 19 21 14 15 28 01 23 03 13 11 22 04 20 06 26 25 
26 16 25 16 10 22 22 10 09 06 02 23 25 18 16 13 30 29 27 27 30 11 21 04 21 13 08 10 18 25 27 05 10 21 13 11 04 04 12 04 01 05 27 17 15 04 21 14 25 09 03 16 19 23 19 09 05 26 11 15 13 29 19 22 11 23 25 14 18 28 17 19 25 05 27 09 09 18 22 25 26 16 10 15 09 28 15 05 16 25 19 28 23 30 11 03 22 27 08 10 
25 25 20 19 21 16 19 21 03 02 15 29 18 24 05 26 22 19 22 29 06 03 18 28 02 28 23 15 25 30 16 11 16 27 29 07 13 09 19 07 10 04 27 27 27 23 14 10 12 06 30 17 08 17 06 01 15 20 15 01 12 23 11 27 19 01 25 23 09 14 22 10 09 10 07 05 03 12 07 06 17 06 22 16 23 19 08 29 09 15 21 20 07 01 08 17 23 25 10 23 
30 23 02 08 02 30 04 04 12 10 01 20 08 22 28 22 03 05 12 11 19 02 22 17 24 29 04 16 15 05 08 14 27 01 13 20 01 17 16 12 18 16 01 25 30 28 08 02 25 19 12 13 20 25 30 05 15 25 20 30 29 19 05 17 20 18 06 12 26 21 23 05 29 15 22 28 05 29 29 29 10 02 03 29 26 02 04 10 26 15 09 16 26 06 02 07 15 08 18 10 
20 10 06 18 16 27 07 12 26 05 10 05 06 13 25 23 06 20 03 24 27 03 09 22 08 03 28 22 10 15 23 21 16 29 01 23 17 07 05 12 04 06 08 09 10 25 24 08 06 26 01 02 28 01 15 28 03 04 11 04 18 04 17 25 24 17 10 10 23 06 14 26 11 13 27 21 29 20 28 05 07 20 28 04 20 13 23 15 08 04 18 26 29 04 12 14 12 13 15 05 
18 20 22 29 03 10 11 23 21 30 27 27 19 17 23 30 21 15 14 28 10 24 15 08 19 19 13 01 01 28 27 19 17 18 09 11 20 11 04 10 10 22 07 28 30 21 27 20 27 03 10 07 26 24 06 14 04 19 14 05 16 10 15 24 20 15 05 09 25 30 10 04 21 16 23 21 28 19 02 25 21 11 01 08 27 06 22 30 16 05 26 23 07 02 17 26 16 13 26 02 
12 05 05 24 13 27 06 10 08 08 04 20 10 26 28 28 24 19 28 09 15 15 02 21 17 10 08 02 22 03 04 03 08 30 18 20 19 24 21 26 23 25 07 02 12 04 22 27 14 19 06 21 03 29 11 19 30 11 13 21 13 08 15 12 29 02 01 17 25 22 04 17 08 11 11 11 06 02 08 20 12 05 10 06 25 12 17 24 22 29 14 27 28 28 08 26 21 01 05 16 
14 08 24 13 10 26 23 16 19 30 27 30 26 28 28 20 01 14 13 15 04 18 03 01 07 10 18 28 02 22 05 15 30 28 19 01 16 12 08 04 03 26 26 29 15 23 18 16 06 23 22 01 10 24 01 17 25 18 14 19 02 10 03 01 07 22 23 14 25 01 10 27 18 05 25 03 19 05 10 16 27 01 16 06 16 08 14 10 25 19 28 26 28 23 18 27 06 03 10 30 
03 19 18 20 15 05 14 25 01 23 10 27 23 17 24 08 24 30 10 11 18 29 06 16 13 16 12 18 10 13 09 12 24 19 23 08 15 29 03 15 21 04 03 06 21 26 05 14 25 14 24 13 05 22 20 17 29 01 27 08 05 27 11 28 07 25 06 21 23 30 05 14 25 07 19 15 25 23 21 11 29 06 15 25 27 04 11 17 26 29 16 01 18 26 28 24 13 25 07 05 
16 11 10 03 10 20 17 04 05 29 06 25 05 21 19 23 24 21 10 12 20 17 04 29 05 23 22 17 10 28 13 25 01 15 27 10 04 06 05 08 04 02 24 30 22 12 23 08 03 24 19 14 10 22 12 14 06 25 22 15 23 05 02 15 19 20 16 22 25 12 22 21 13 07 20 05 19 04 04 21 27 22 04 29 05 07 04 02 01 26 17 15 30 18 29 18 07 14 01 24 
17 14 14 30 21 25 26 01 29 29 21 17 12 16 07 08 22 11 09 14 06 25 29 05 12 19 14 11 25 06 04 11 12 09 10 24 25 05 24 15 25 06 02 06 13 08 13 04 18 22 09 15 08 07 19 20 26 24 22 20 22 25 22 03 25 02 18 19 28 11 04 15 16 27 20 28 26 25 23 06 16 23 20 23 30 01 04 17 24 25 28 07 11 19 09 05 12 26 24 02 
28 27 16 05 23 27 24 10 21 08 15 28 01 05 21 22 05 16 08 20 03 27 27 13 15 27 18 19 15 03 20 12 29 05 17 13 01 10 22 22 18 07 19 10 03 01 01 29 09 08 18 11 04 06 15 10 03 02 28 17 04 17 28 24 13 06 28 06 08 12 19 25 18 07 04 12 30 26 10 30 03 27 02 28 03 16 29 27 18 19 13 13 27 02 29 10 08 26 07 15 
07 25 01 16 23 26 27 22 21 28 13 15 25 14 04 19 30 02 07 09 12 19 13 09 12 11 10 19 07 16 25 05 10 17 21 02 04 09 16 16 07 28 30 23 12 25 03 03 27 09 11 30 19 23 08 30 26 17 11 24 02 27 28 03 06 10 05 09 11 20 25 09 09 16 23 12 11 25 14 29 25 16 28 13 01 06 04 26 14 06 11 08 03 08 10 08 10 06 16 12 
17 02 20 26 18 12 07 28 28 13 26 14 20 23 26 20 20 21 07 26 27 17 03 29 17 04 28 18 10 05 29 26 07 18 21 16 21 20 13 10 24 30 23 13 14 10 25 26 30 01 21 26 10 15 16 26 18 13 13 19 10 03 15 16 12 27 23 02 08 05 11 01 26 25 14 01 04 08 26 03 30 16 21 09 30 06 26 10 11 30 28 12 02 04 27 13 01 11 06 30 
07 16 01 02 10 06 02 05 05 28 08 26 05 20 05 27 17 22 28 27 22 25 30 23 29 18 06 21 28 11 20 04 19 12 05 20 09 29 25 13 18 24 09 22 13 05 10 29 26 07 18 17 24 17 02 14 05 29 04 02 01 15 06 11 27 02 01 27 22 17 10 09 02 10 23 14 14 24 04 01 01 21 18 24 30 11 29 26 09 02 27 09 08 24 12 26 18 12 23 09 
20 24 10 21 03 02 26 16 17 29 16 17 12 25 02 03 05 30 28 05 23 16 06 23 10 17 18 19 20 10 19 09 25 28 21 27 21 08 04 08 28 12 16 09 06 10 03 03 09 30 29 24 16 04 16 17 12 25 05 01 27 15 01 21 13 13 18 25 20 21 02 18 02 10 18 30 19 21 24 19 20 14 12 27 10 19 13 21 14 09 22 02 24 14 22 28 27 01 22 08 
22 16 25 15 17 05 06 05 25 21 23 06 27 27 03 06 07 07 26 12 08 09 13 23 23 05 20 11 27 03 18 18 10 05 25 26 09 22 22 25 05 15 30 01 03 24 28 09 23 23 13 22 24 25 14 08 21 25 10 18 19 27 27 29 23 13 16 01 27 08 17 01 14 09 23 08 24 20 08 16 04 20 29 19 15 12 26 05 06 05 14 17 24 11 15 16 23 22 09 19 
21 25 11 04 03 25 03 27 06 11 04 10 30 03 28 06 06 16 11 04 20 24 20 05 26 26 21 19 17 29 29 08 23 02 03 18 26 06 06 02 08 09 03 07 03 30 13 09 07 15 12 27 30 01 01 18 26 13 28 04 11 26 03 26 19 06 05 15 03 10 16 10 18 10 08 13 09 12 21 08 18 24 04 10 24 26 27 11 01 24 06 03 11 09 20 30 06 24 14 08 
03 21 09 13 30 08 25 30 20 07 07 29 30 02 08 15 20 04 17 12 19 22 14 30 22 04 29 27 27 04 26 22 16 26 04 07 04 28 28 15 26 27 13 25 20 21 09 09 16 25 12 05 16 26 04 08 29 24 26 17 19 22 08 04 17 03 10 12 22 07 26 17 03 09 11 23 21 19 23 28 13 05 02 21 22 27 20 12 12 15 28 30 06 06 03 15 08 04 26 30 
03 22 08 05 22 19 19 04 07 04 23 12 30 17 02 21 05 13 02 17 27 21 16 25 18 11 09 18 06 26 09 08 09 16 13 22 04 23 17 11 26 10 14 17 26 15 07 30 27 30 08 15 21 16 09 08 26 09 25 01 27 03 01 05 11 05 27 14 27 13 16 15 14 29 01 09 05 30 01 23 29 08 08 11 23 08 11 10 09 27 03 05 22 03 09 02 07 27 15 03 
10 01 09 15 29 10 24 26 01 24 18 21 23 17 02 16 25 04 25 03 30 27 07 21 21 15 22 27 04 29 22 13 29 30 27 19 01 12 06 01 27 24 14 20 10 07 27 26 10 13 28 09 02 26 22 22 03 13 19 06 11 10 10 01 01 28 12 02 10 17 24 28 10 07 09 12 13 05 07 14 18 27 23 19 22 14 10 24 18 20 21 21 21 30 21 22 28 24 15 29 
11 08 26 12 07 05 23 11 01 22 25 18 18 09 28 01 14 08 17 01 19 07 21 10 07 04 01 26 27 15 24 29 14 11 11 12 15 25 23 08 08 09 25 25 09 23 18 22 22 04 14 10 10 27 19 08 22 19 03 18 25 18 09 09 29 19 20 05 05 04 12 13 04 07 29 12 21 16 03 04 11 09 13 21 05 24 20 26 04 23 05 29 02 13 29 30 23 10 05 28 
14 16 02 09 14 30 21 26 08 15 29 18 23 12 30 19 27 20 14 30 04 11 20 05 23 10 27 08 20 01 27 25 08 28 03 22 19 23 09 18 30 08 06 22 11 27 03 07 08 08 28 11 18 18 08 03 27 26 10 08 26 28 02 25 25 05 08 05 19 17 23 18 24 20 02 04 08 26 02 16 03 29 18 21 08 25 23 27 12 24 04 07 21 28 24 07 24 01 03 04 
17 25 14 02 06 07 27 14 02 28 29 04 19 16 16 18 03 08 06 14 23 02 13 05 29 06 11 22 28 14 17 07 30 30 08 06 06 05 11 07 24 09 03 04 16 18 14 10 18 19 16 10 20 28 15 18 25 17 01 22 30 10 20 22 09 28 27 15 24 29 13 09 29 15 13 14 03 26 16 20 06 01 21 26 28 05 05 14 22 28 27 13 07 17 04 15 06 22 21 29 
20 26 07 18 10 11 24 04 28 09 23 04 09 14 21 28 10 25 03 23 22 29 28 20 07 23 27 12 15 17 10 26 12 09 06 14 11 29 17 09 29 02 04 07 07 24 26 16 18 28 01 02 18 28 13 25 20 09 06 26 26 08 22 29 16 27 12 26 17 21 26 15 22 29 13 28 22 08 05 02 27 27 25 06 24 07 30 06 16 06 23 03 05 06 01 20 02 05 07 10 
25 03 16 08 01 28 05 15 27 01 08 15 28 02 21 13 30 20 18 07 17 11 09 21 08 02 02 02 28 09 11 14 11 27 21 11 24 25 17 13 17 24 27 14 17 17 27 09 07 06 15 15 08 16 28 16 17 29 17 06 07 27 19 17 15 09 20 01 25 06 13 11 22 09 17 30 26 13 08 24 18 23 30 26 08 27 11 16 26 19 13 24 15 01 11 30 09 22 30 25 
19 04 27 02 12 13 02 29 25 09 22 05 01 14 30 30 10 02 07 05 20 19 29 26 19 01 17 19 14 08 13 02 11 10 04 15 22 05 13 09 13 27 13 06 10 04 27 19 05 04 16 16 22 06 11 03 28 20 21 11 27 26 12 30 27 07 14 10 03 18 18 08 14 22 13 15 25 01 26 21 04 11 06 18 08 09 20 05 20 02 15 16 19 18 07 07 17 12 17 19 
30 26 26 05 10 30 20 04 01 15 25 04 17 22 13 24 22 24 20 11 26 26 19 06 13 25 13 21 07 21 10 28 08 27 02 17 27 21 21 19 27 07 14 13 20 27 28 12 20 17 22 07 12 10 13 17 27 17 29 03 07 08 22 06 27 23 23 23 14 05 11 10 03 16 15 22 12 12 03 24 21 17 30 02 26 04 10 22 12 09 16 10 08 29 16 04 22 08 18 05 
04 20 06 06 06 20 27 17 24 22 10 14 08 02 07 03 27 17 17 09 17 24 18 24 23 03 28 06 02 07 10 05 27 07 10 02 19 29 10 12 20 12 25 27 13 01 21 09 09 29 09 25 15 27 11 29 21 30 04 23 06 05 27 02 11 29 25 29 27 05 02 16 16 18 04 28 11 24 28 19 15 29 06 29 25 08 27 15 07 30 07 12 04 26 06 06 24 30 27 12 
04 28 27 11 08 22 08 18 07 28 28 21 26 03 11 12 10 07 26 08 28 25 12 23 12 17 29 05 08 17 16 04 14 04 14 13 25 14 30 23 11 28 14 28 22 24 09 02 23 26 01 20 12 12 05 23 28 25 19 28 11 26 01 16 29 14 29 15 19 28 08 29 17 13 18 09 28 18 02 20 06 02 02 17 14 28 02 03 22 20 22 02 08 22 17 06 28 15 13 16 
05 12 07 13 16 24 21 13 04 14 25 09 08 18 17 13 15 18 07 06 30 29 29 07 12 15 04 09 22 08 17 26 11 23 08 26 08 21 01 11 26 25 11 03 04 28 07 18 07 14 15 28 12 13 26 23 19 30 24 10 29 10 27 10 24 27 27 01 09 27 04 04 21 06 29 16 25 05 25 24 10 09 21 13 13 17 06 24 08 21 03 28 22 22 07 15 10 04 07 18 
30 02 13 13 08 11 28 24 08 23 17 17 23 08 30 28 16 27 21 15 17 15 12 08 06 19 14 15 14 20 24 05 22 07 17 21 09 07 14 16 21 01 03 05 30 24 02 15 20 22 21 28 07 02 27 04 12 10 11 25 21 26 30 04 02 08 24 11 06 08 18 26 30 20 23 29 05 24 05 24 08 25 21 06 26 09 09 30 18 11 24 09 07 15 12 30 23 28 02 20 
27 20 08 26 01 30 16 06 23 20 29 30 06 12 05 23 20 06 22 30 08 08 30 06 22 03 06 06 30 07 26 26 26 03 13 27 02 28 24 16 09 22 08 06 25 12 29 15 09 12 14 17 19 05 22 03 07 19 08 07 26 25 24 13 19 29 01 20 26 24 28 27 08 05 24 02 08 22 08 17 26 13 25 14 17 08 08 16 27 16 22 14 02 07 26 21 05 19 02 23 
04 29 11 11 03 04 05 03 18 12 19 13 17 05 18 03 12 26 18 08 03 01 21 04 30 09 16 26 27 18 10 22 16 12 03 11 16 07 05 25 10 23 29 26 27 16 21 30 03 30 08 27 23 20 23 22 20 08 09 08 25 11 30 03 22 02 05 29 30 09 23 01 23 21 19 11 29 09 10 23 30 09 20 22 29 12 05 10 11 14 18 06 24 17 08 07 10 04 06 09 
12 28 01 04 11 19 14 01 19 15 23 19 24 04 10 14 07 07 23 18 20 10 23 05 18 22 03 27 25 08 27 28 28 28 01 08 08 06 08 27 20 22 15 05 26 24 18 02 30 03 19 11 12 03 07 22 24 02 18 10 09 07 07 06 26 29 05 03 26 04 29 08 26 13 12 13 29 22 14 20 24 25 23 27 27 21 18 13 22 28 14 01 04 13 28 29 03 25 01 29 
28 30 28 15 04 09 19 02 22 25 22 15 19 14 12 07 04 21 19 18 18 25 18 13 07 07 11 09 01 04 29 21 25 26 05 28 27 24 30 18 10 13 25 28 18 28 26 13 18 15 30 28 01 17 10 07 16 13 07 16 16 06 06 10 23 03 07 19 18 28 29 27 02 15 24 19 12 19 24 21 25 23 18 25 02 28 23 17 10 30 02 17 27 08 26 19 10 24 30 19 
14 20 15 15 04 08 26 15 18 19 27 05 11 15 21 04 04 14 20 05 05 14 21 01 13 08 11 14 01 10 02 14 29 16 21 24 15 16 08 02 04 05 28 06 11 19 10 14 24 21 18 28 04 30 20 08 07 30 21 29 02 22 05 22 29 25 16 13 02 15 07 27 19 04 02 21 14 03 26 07 16 05 04 11 04 15 19 02 15 09 01 08 23 05 29 13 21 14 26 22 
29 24 18 09 19 11 30 03 06 25 09 21 30 05 01 25 19 11 27 25 12 27 02 04 23 23 08 13 06 03 04 04 18 13 13 07 15 04 09 12 20 09 02 11 05 25 06 16 27 02 02 08 20 26 03 12 18 11 24 23 05 19 19 23 23 01 21 07 26 21 19 15 29 12 26 26 28 23 11 25 16 12 24 05 07 27 08 24 07 01 09 03 11 27 25 03 19 07 01 14 
27 11 20 26 15 15 13 04 07 23 20 22 26 14 18 25 02 25 10 08 17 18 02 19 14 19 21 02 25 14 07 22 16 27 09 30 03 21 26 02 05 15 15 22 28 03 16 29 27 26 28 06 05 22 24 11 10 07 04 04 20 11 17 27 07 17 27 01 29 14 02 03 28 17 25 18 19 02 16 07 19 06 04 16 27 28 26 28 04 29 23 15 01 10 03 07 26 21 30 25 
04 01 19 02 17 05 19 27 29 26 04 17 01 29 24 19 26 19 16 21 18 09 27 10 10 30 09 27 20 08 21 16 08 02 17 17 28 05 13 26 22 08 05 15 07 28 03 02 17 11 15 26 19 03 05 20 24 13 16 06 20 29 21 20 30 07 06 27 03 18 15 24 26 19 30 02 16 03 25 24 05 01 19 23 04 16 04 27 28 19 02 10 17 14 29 08 20 26 05 14 
13 11 30 30 29 29 23 14 01 10 30 05 10 18 19 05 25 14 24 23 03 17 24 19 01 14 19 12 09 15 26 21 25 25 13 23 23 05 28 16 14 27 12 24 15 23 20 01 06 13 23 08 22 08 19 14 21 07 25 21 21 20 12 15 06 24 29 21 20 26 28 04 23 09 19 29 23 08 29 29 13 14 28 26 13 08 09 04 06 03 24 18 15 27 24 12 12 22 02 02 
10 21 27 24 22 15 14 14 14 04 04 26 17 24 13 22 23 21 17 29 16 02 08 30 21 02 03 02 15 27 25 24 17 21 09 08 27 22 22 11 26 17 28 04 10 11 25 03 23 11 23 08 05 30 29 25 01 02 26 08 28 13 01 14 25 10 14 22 23 05 02 18 13 21 14 23 01 08 17 24 11 09 01 15 08 22 09 01 23 26 08 12 30 30 17 25 01 30 08 24 
26 01 03 09 21 16 01 22 16 17 07 18 17 29 02 24 20 02 24 04 19 23 15 11 23 02 05 23 23 12 16 19 12 11 27 24 26 19 07 11 27 13 28 13 04 21 06 15 14 22 19 25 06 25 05 28 18 09 21 11 12 28 29 15 08 17 08 26 05 07 06 23 11 26 05 14 16 02 21 22 15 01 16 21 25 20 18 05 20 30 15 23 20 05 07 19 13 06 14 09 
12 12 01 15 07 05 28 14 06 10 05 13 10 20 03 27 01 20 01 20 12 07 12 01 03 10 19 15 08 25 23 11 06 23 25 04 19 15 17 16 24 14 28 04 25 30 30 26 12 22 07 23 28 19 15 22 20 25 06 27 19 20 08 16 04 02 19 22 16 06 29 02 11 27 05 05 18 26 30 29 09 07 13 06 17 27 27 28 14 24 25 24 13 02 10 08 25 28 29 03 
25 19 04 27 15 30 02 03 17 23 23 25 21 06 22 29 24 10 27 07 03 21 23 07 14 02 14 30 21 04 02 08 22 27 04 29 26 05 23 04 20 15 20 10 12 11 09 06 20 05 04 14 25 18 12 30 19 17 29 02 20 01 09 04 19 04 24 07 01 16 10 20 22 30 29 04 02 07 01 14 03 26 19 19 14 01 18 24 17 09 25 29 01 25 24 19 29 09 25 29 
24 27 18 15 18 08 10 19 15 02 24 09 28 13 28 03 05 07 26 13 15 13 03 15 07 26 04 05 04 20 03 19 16 12 26 25 20 27 06 26 29 29 04 18 03 23 20 07 30 07 20 14 19 22 21 26 10 16 30 05 05 25 24 13 06 19 07 25 15 04 20 05 03 24 22 05 16 11 04 07 10 23 13 28 06 03 23 15 18 15 20 14 09 05 18 14 15 17 09 21 
20 28 26 22 13 17 19 21 20 22 27 29 14 09 18 11 03 11 26 20 25 07 26 03 11 13 08 17 29 16 07 19 06 02 02 10 11 20 30 22 03 19 12 16 19 29 19 22 01 14 03 17 12 28 19 22 03 27 08 01 04 06 11 09 30 05 19 10 16 10 23 19 20 26 26 09 24 14 22 17 27 24 03 30 14 22 21 16 10 20 08 05 26 11 14 25 07 24 26 22 
25 10 10 15 05 06 15 28 11 06 14 30 21 17 29 04 30 12 11 01 01 11 05 18 13 10 04 19 03 29 02 20 08 12 04 12 09 10 02 11 15 07 10 27 15 09 23 14 20 03 06 12 05 11 30 09 12 03 27 15 24 21 26 23 02 29 27 02 30 28 12 14 26 22 10 11 22 24 16 03 19 22 14 23 24 05 24 05 08 12 11 23 02 06 15 25 26 11 26 25 
30 30 30 26 13 02 28 04 25 13 06 13 26 11 28 19 16 21 16 15 02 18 07 04 24 13 28 11 16 16 06 07 15 27 24 19 28 21 22 15 04 19 19 21 21 16 02 06 28 17 20 22 04 18 25 19 23 14 30 30 21 27 06 27 15 30 15 05 12 28 19 07 16 07 28 07 15 29 04 04 15 16 25 10 25 11 29 17 17 20 08 07 08 14 04 22 05 18 26 08 
08 14 15 23 13 12 21 19 10 17 22 16 02 17 25 26 19 15 05 05 04 12 12 11 17 07 03 13 16 20 21 23 26 05 08 08 08 28 18 17 06 09 02 07 17 18 03 06 03 29 10 28 10 13 01 27 19 25 01 05 14 21 19 09 17 26 08 24 16 25 02 21 26 03 28 04 13 22 09 07 20 11 04 29 15 26 17 26 20 18 30 26 30 18 04 17 06 04 02 21 
28 04 11 15 28 08 19 10 21 19 16 10 21 12 01 06 07 09 01 19 18 22 14 10 01 09 18 06 12 19 18 10 22 29 24 12 28 04 21 19 23 29 20 13 02 12 10 08 13 02 18 30 23 01 09 16 10 26 13 21 07 01 22 20 21 08 01 18 11 22 28 25 12 10 30 13 21 09 12 03 11 30 25 25 30 25 02 01 13 15 22 19 07 05 08 27 12 09 14 15 
22 04 09 03 13 08 07 25 17 18 20 19 17 14 05 17 08 07 17 20 13 30 30 19 05 08 15 08 08 20 22 29 15 23 23 27 30 29 14 08 16 03 18 03 16 23 11 15 21 19 27 03 11 26 13 07 25 19 14 02 30 28 22 15 20 14 11 19 12 16 19 20 18 06 14 03 20 24 10 10 04 28 04 14 23 16 20 10 04 26 03 04 23 25 10 12 08 12 22 12 
28 10 01 15 08 06 10 27 29 19 07 24 16 10 08 30 18 19 01 13 14 04 16 06 28 25 09 27 07 23 08 04 02 30 10 01 05 19 28 25 29 26 19 14 27 26 06 06 06 06 19 20 09 26 17 06 21 26 25 19 18 02 14 11 24 23 04 28 04 23 15 02 10 03 08 06 20 13 04 25 10 22 14 11 17 01 08 29 18 02 09 27 04 14 07 19 29 10 16 02 
24 30 25 03 24 02 01 13 06 04 08 16 25 13 18 03 05 25 02 22 27 02 10 22 16 09 10 14 10 17 07 04 09 01 06 02 03 06 07 30 09 06 15 25 10 24 28 15 19 21 28 07 22 08 28 29 16 29 04 25 07 10 28 15 03 26 09 05 01 07 26 10 12 03 26 21 26 23 27 14 05 25 20 19 24 09 17 01 29 21 25 06 22 15 20 24 10 20 20 02 
26 16 03 07 18 29 20 13 13 16 19 18 02 30 06 25 09 14 25 07 04 12 04 18 18 24 11 19 05 23 20 01 08 23 29 17 13 10 21 25 26 09 04 27 09 09 14 09 15 08 07 10 11 11 27 28 26 30 16 30 22 28 22 21 12 13 07 24 22 27 10 09 28 14 06 06 14 11 06 28 10 12 08 21 22 04 10 09 25 18 01 16 15 22 06 18 26 04 11 18 
23 20 26 20 25 23 17 09 03 22 28 13 25 05 25 09 01 04 17 25 13 09 03 27 01 30 14 26 26 16 05 18 28 23 29 14 15 07 22 10 20 12 22 14 08 08 14 08 11 23 25 24 01 19 12 01 18 18 19 13 25 15 22 22 07 12 06 22 18 19 01 07 22 14 13 30 21 26 29 23 18 23 08 19 11 12 11 21 21 21 25 15 28 17 29 04 28 26 17 08 
06 09 06 28 14 18 27 26 06 25 19 15 10 18 03 12 21 06 24 11 18 19 26 15 27 24 19 16 11 27 23 16 06 29 13 19 08 01 15 05 26 25 20 27 04 14 30 25 19 24 05 07 12 22 21 30 07 01 15 17 28 08 03 03 28 07 13 27 08 19 02 25 13 13 13 17 26 12 11 15 05 07 13 08 29 03 07 05 26 22 22 23 21 16 17 10 22 21 28 21 
10 21 15 14 03 27 30 29 09 02 13 05 09 17 13 29 19 11 03 06 02 16 28 14 01 06 15 15 27 13 05 06 03 12 19 06 08 11 26 08 04 30 05 04 16 09 02 26 19 05 02 13 12 29 26 13 27 03 19 23 15 15 20 09 26 30 14 26 02 09 25 06 08 29 09 15 07 11 11 26 07 12 30 10 02 17 14 28 19 02 12 03 17 23 12 12 15 17 29 16 
18 24 13 17 22 22 02 21 24 12 16 22 15 07 01 16 23 15 14 12 08 17 06 24 10 09 28 24 18 26 01 05 11 14 13 03 05 14 23 20 17 30 03 01 06 03 17 20 09 22 23 17 30 21 02 09 29 21 24 08 09 25 04 19 08 17 13 04 22 05 23 01 26 17 01 23 19 09 13 20 22 27 28 22 17 21 22 08 12 16 15 12 02 19 30 09 27 05 04 18 
09 18 10 05 04 03 27 14 11 01 03 25 28 22 08 14 13 29 13 16 06 20 27 29 08 18 29 26 14 02 05 23 19 15 19 14 17 07 28 19 30 22 13 27 14 12 02 18 11 15 03 08 04 21 07 03 30 05 20 14 29 24 28 09 08 08 23 16 14 20 05 13 11 09 01 16 21 25 03 23 01 05 30 26 17 28 28 09 25 09 22 23 02 11 23 02 18 15 17 23 
26 21 06 29 22 28 14 12 22 09 04 22 05 25 17 22 23 06 30 09 14 13 23 16 23 15 09 02 22 25 24 17 08 21 07 29 19 13 02 10 21 05 24 25 29 02 08 13 08 29 21 13 03 13 20 17 20 28 18 11 15 12 27 22 02 26 12 12 08 13 14 20 09 07 06 29 08 14 12 07 04 24 20 29 29 09 15 18 29 03 28 13 06 16 26 29 11 07 11 10 
19 24 29 19 22 05 17 29 10 20 28 13 14 17 11 12 17 18 29 07 12 18 19 17 03 14 07 06 12 17 15 22 02 14 10 23 10 27 22 19 16 11 23 21 19 26 02 05 13 22 04 24 01 22 02 04 28 08 01 09 25 15 01 26 20 02 19 29 28 02 09 06 04 02 26 22 27 20 18 09 03 21 24 04 05 25 29 02 02 29 02 18 13 24 14 25 26 24 15 23 
17 24 20 20 17 08 11 13 27 28 13 21 19 06 24 15 30 22 16 23 12 09 11 17 03 24 11 28 09 25 12 17 10 02 06 26 09 08 30 27 27 12 17 07 09 03 21 30 24 28 23 28 07 03 14 09 18 24 06 26 10 09 04 12 10 01 07 10 08 29 06 04 02 15 03 11 17 23 10 02 21 24 29 27 26 12 27 13 05 24 30 07 02 25 18 12 25 16 13 02 
14 19 28 16 25 30 26 11 14 27 12 26 13 11 14 08 14 10 13 19 03 04 17 27 29 04 08 23 19 12 17 03 30 14 10 16 05 27 26 10 23 08 06 05 10 11 05 23 21 09 03 15 12 19 11 02 14 10 25 03 22 11 27 13 16 06 29 12 02 16 21 16 15 18 13 24 29 17 09 11 17 03 25 28 22 28 22 05 29 16 29 12 18 25 17 03 30 15 14 23 
22 26 09 07 14 21 22 12 29 30 22 15 03 08 04 16 27 25 12 26 02 11 29 19 27 15 13 19 21 18 11 13 14 19 19 27 01 10 30 29 02 13 05 26 20 09 11 09 25 22 04 27 24 02 07 21 09 20 09 29 29 11 11 12 22 21 30 22 23 21 13 24 03 17 19 23 17 21 01 12 12 26 30 28 19 06 10 27 25 10 26 24 20 28 27 11 19 19 25 03 
09 07 26 12 23 06 26 02 26 18 13 29 05 12 26 23 17 05 12 04 14 29 19 26 26 07 06 06 25 30 08 04 06 25 15 21 30 02 22 25 19 26 16 23 07 11 07 15 08 18 10 21 16 20 08 04 27 14 01 21 05 01 16 03 25 22 23 17 23 06 03 11 01 18 25 29 21 02 05 28 19 15 10 27 04 18 22 22 23 22 05 27 22 20 29 09 12 13 17 04 
18 19 07 10 29 01 08 19 24 13 08 05 19 17 01 14 26 22 06 10 05 10 07 19 21 27 19 02 02 05 28 11 23 26 21 21 18 20 01 12 02 08 16 20 17 08 26 04 29 01 14 25 02 12 13 22 30 01 16 23 05 05 04 20 22 16 02 09 05 25 20 07 02 27 18 10 04 13 06 24 05 11 19 06 22 01 20 13 24 27 06 20 23 09 09 14 24 03 14 20 
27 04 26 20 22 06 22 26 10 27 19 15 07 07 12 20 30 23 24 15 11 29 04 03 29 05 08 14 07 22 04 03 17 21 22 08 26 05 25 06 01 14 12 29 12 23 18 03 16 12 09 26 02 13 21 23 17 20 06 15 11 01 17 19 22 30 19 09 05 13 06 27 18 09 26 22 02 05 24 09 08 25 26 02 07 08 24 15 28 21 29 30 22 07 19 05 28 07 05 24 
11 03 13 29 11 08 20 12 04 05 12 12 29 08 13 27 07 28 11 04 18 01 04 09 29 14 05 27 12 10 12 22 12 24 12 22 23 23 26 27 28 07 30 18 06 04 07 13 01 09 08 10 10 11 19 30 16 15 26 27 24 30 11 27 23 22 19 08 15 06 04 04 12 25 13 10 20 19 22 20 28 29 21 29 02 09 28 09 24 16 06 09 15 16 06 29 29 16 06 13 
21 01 16 24 17 21 03 06 09 16 17 28 07 08 26 30 08 16 08 01 01 05 02 07 12 07 27 11 14 03 15 04 25 23 27 12 13 22 17 21 07 04 11 05 11 28 04 18 13 12 11 05 08 12 03 20 10 30 30 23 02 14 18 26 28 14 07 10 05 16 23 04 19 03 08 21 30 04 30 13 15 02 09 22 05 12 03 14 11 24 28 04 08 15 21 05 21 20 07 25 
05 29 20 15 01 20 27 30 23 26 04 07 28 05 20 02 16 15 08 18 08 05 21 07 12 03 04 02 22 10 18 26 08 08 02 30 27 28 21 11 16 17 09 05 21 28 28 28 04 05 15 12 02 27 18 05 29 21 06 13 30 15 08 29 22 02 28 10 29 19 12 06 05 20 10 17 10 08 14 13 04 20 24 27 16 12 01 06 24 28 18 24 13 18 14 26 19 12 28 09 
22 09 15 26 29 16 12 08 23 17 20 19 06 14 15 21 17 16 18 10 13 06 25 17 15 09 13 03 12 10 03 03 18 17 20 16 25 23 23 17 09 05 05 14 18 12 26 26 27 05 27 01 10 22 18 24 22 30 18 25 01 21 27 18 29 08 26 23 22 10 02 22 14 28 05 23 09 22 18 27 26 07 20 28 28 29 13 11 20 23 05 20 05 23 29 25 22 24 10 13 
04 11 04 09 30 30 02 01 13 11 27 30 17 16 27 06 06 02 08 25 24 12 14 20 26 13 14 17 06 23 21 01 25 24 10 25 15 03 25 27 05 13 27 14 21 15 19 26 08 19 21 23 22 26 12 18 08 26 26 06 10 17 28 05 02 07 21 17 01 07 05 06 11 23 11 01 30 29 19 07 09 01 30 01 26 11 18 04 28 05 01 08 13 28 04 15 27 24 23 19 
22 19 24 02 12 26 25 11 25 13 17 03 13 08 25 08 19 12 03 08 09 03 07 21 23 10 05 19 25 19 07 16 08 23 10 19 18 04 21 04 16 07 29 20 07 23 19 17 27 22 24 05 16 01 25 30 02 22 18 27 10 17 04 09 01 13 27 10 08 09 06 23 08 26 04 14 18 23 30 06 06 23 02 21 15 27 13 17 10 22 13 19 08 08 28 30 21 16 02 28 
25 07 13 02 02 08 15 11 30 06 17 27 20 10 10 05 06 22 13 15 13 25 26 13 24 15 12 14 30 05 04 16 11 08 17 04 15 23 07 07 20 15 03 10 24 12 14 30 25 26 06 08 12 01 20 05 15 23 11 07 20 06 22 30 05 01 26 19 15 02 17 05 16 12 06 09 15 11 30 10 28 06 17 01 28 28 05 05 12 07 11 01 04 24 23 08 24 10 19 01 
11 05 27 18 16 02 26 01 12 26 02 09 23 10 09 12 07 05 16 10 04 18 11 07 12 25 07 27 04 25 27 06 21 23 23 29 24 18 21 27 05 22 05 19 01 05 01 29 10 08 08 05 26 10 03 07 26 09 03 29 03 30 04 16 14 26 14 08 06 04 04 02 25 01 21 17 05 13 15 06 20 14 02 15 24 05 13 11 13 16 10 08 07 05 23 20 23 28 19 20 
01 15 13 17 15 03 03 11 07 09 09 19 22 10 03 07 06 16 18 19 23 19 18 29 15 02 18 29 29 29 18 21 13 01 29 19 25 01 29 24 01 29 12 14 01 06 13 06 13 22 16 05 02 03 25 16 26 05 07 16 03 24 06 15 16 04 03 03 26 23 18 18 14 29 02 14 26 14 11 09 05 27 05 06 21 30 13 09 04 19 24 06 05 22 12 12 25 06 06 13 
28 23 30 03 13 01 08 09 06 19 17 02 07 13 29 19 12 12 19 15 22 13 12 18 04 15 30 20 20 27 02 10 20 24 12 24 24 12 02 22 30 10 23 28 23 22 08 26 25 27 03 08 01 14 26 04 21 25 15 10 13 09 11 02 02 15 26 17 26 19 08 17 21 23 14 05 06 13 30 30 09 02 07 09 08 02 04 28 18 19 07 01 19 18 24 20 02 11 28 19 
22 06 05 12 20 18 16 25 22 07 16 01 09 22 01 16 16 05 13 25 15 11 17 03 20 03 14 13 05 11 01 26 08 05 29 27 14 06 21 06 13 28 28 21 20 28 06 27 02 10 13 08 20 30 10 02 02 23 14 06 04 15 24 03 11 22 30 25 28 12 22 10 10 19 22 21 16 19 17 10 28 21 17 09 20 19 10 13 03 24 11 28 30 04 01 10 17 30 26 14 
03 17 15 12 27 06 24 05 24 02 14 13 23 22 22 12 02 23 17 05 16 27 02 07 22 24 17 08 23 04 14 26 21 20 29 09 18 23 13 03 24 18 16 08 02 29 20 03 21 28 29 29 24 23 05 07 16 13 06 01 17 11 18 29 01 16 07 10 30 12 12 16 29 19 23 30 17 04 03 08 01 23 06 16 15 10 22 01 15 20 01 01 30 18 21 22 25 19 01 25 
30 13 02 29 23 24 28 10 28 22 17 20 07 14 06 21 15 19 13 29 08 13 29 08 22 11 21 09 30 22 25 29 26 26 27 18 19 17 27 08 30 05 28 06 18 25 19 03 13 01 23 21 06 14 20 19 24 10 27 23 23 21 22 18 16 10 06 27 18 24 04 10 21 23 15 08 17 25 02 30 26 25 12 01 08 01 19 23 02 08 16 25 28 29 12 14 30 09 02 18 