100 100 30
06 16 20 23 27 26 03 08 10 04 05 28 06 21 28 13 12 12 27 13 03 21 27 13 17 28 12 18 13 28 19 11 13 08 03 09 25 05 08 04 30 13 24 27 25 13 09 06 25 05 11 19 17 07 02 03 26 13 13 30 02 01 10 14 30 12 14 16 08 14 11 29 26 04 25 12 09 25 18 25 21 20 13 07 18 06 02 13 11 06 12 12 06 22 18 27 25 01 12 25 
06 14 23 01 10 10 13 18 26 22 12 17 11 16 15 20 22 08 02 02 13 13 05 10 26 22 06 13 15 09 07 20 15 21 13 24 30 17 03 26 08 14 04 10 29 10 29 12 18 22 13 30 26 10 02 22 01 29 26 07 30 02 27 14 22 01 07 14 17 01 01 24 14 04 25 04 05 15 08 22 28 20 14 23 21 15 06 22 05 01 20 04 24 16 17 16 16 15 21 24 
15 21 17 20 16 03 16 20 09 23 04 06 04 17 29 25 23 26 08 27 27 27 23 20 05 01 27 12 16 09 06 22 21 14 04 28 17 19 18 17 03 13 23 06 21 13 22 05 08 29 23 26 18 15 08 22 16 26 03 23 05 08 06 25 22 09 15 30 19 24 16 13 06 30 11 26 12 02 30 12 23 22 07 10 29 14 23 14 10 17 28 06 17 03 22 30 04 06 29 14 
29 06 27 04 28 07 21 09 30 12 20 22 26 27 23 24 02 07 29 03 24 26 08 02 28 30 01 23 27 21 07 26 18 03 21 15 01 04 16 22 15 05 14 10 23 28 25 17 27 23 19 12 18 27 13 08 18 13 30 14 25 28 01 12 22 14 19 22 17 04 06 01 30 11 03 23 08 27 01 26 20 19 07 29 07 11 06 16 15 28 22 09 17 22 13 09 05 01 22 21 
04 27 14 03 07 08 17 07 04 17 02 15 28 01 14 26 11 11 12 18 30 25 26 17 16 30 25 13 30 08 25 25 05 30 20 03 07 06 09 03 15 03 17 04 03 22 29 05 25 02 22 24 26 10 02 04 09 18 16 01 26 02 25 22 02 14 24 30 12 03 02 26 27 11 21 29 02 19 25 26 13 17 12 08 18 13 03 26 23 10 18 18 12 13 09 05 18 24 04 21 
18 06 16 14 16 28 04 09 09 29 27 21 07 08 20 24 12 23 11 26 02 29 13 05 03 13 09 12 07 05 03 16 10 10 30 17 08 03 17 16 23 13 28 29 12 17 14 16 09 25 11 03 15 16 07 09 28 08 20 26 12 14 04 13 24 03 21 23 27 07 30 20 12 27 10 23 13 24 30 14 10 11 16 24 26 14 24 15 13 05 03 16 19 06 28 04 30 10 18 26 
09 17 07 20 13 17 04 25 02 04 30 11 06 07 26 23 21 19 29 25 15 01 11 03 28 30 28 27 10 15 15 18 01 13 29 13 29 02 30 22 27 29 02 24 06 19 16 18 29 07 12 14 29 14 08 27 14 28 15 23 12 29 02 05 12 22 09 02 15 08 24 12 29 17 27 26 28 13 05 26 11 16 01 09 30 01 05 05 28 20 27 09 10 20 13 13 11 22 15 25 
21 30 28 11 08 25 28 05 29 02 23 09 10 15 17 01 15 22 05 12 03 23 21 04 12 25 17 14 08 23 30 21 22 28 23 21 14 21 18 12 22 10 12 01 24 28 23 01 11 27 12 05 19 24 09 22 11 25 27 10 17 27 30 30 16 23 20 21 13 07 24 26 08 05 19 24 02 11 24 05 08 27 09 18 13 17 02 23 03 28 02 19 16 02 10 23 16 22 05 20 
20 28 15 28 02 25 13 26 06 28 30 05 24 08 22 06 17 23 20 19 13 22 30 20 15 09 05 22 22 09 11 12 07 17 09 30 12 13 25 09 10 24 13 25 24 04 23 10 19 12 20 23 25 19 12 01 20 08 22 11 17 24 22 15 11 22 14 14 04 09 22 05 24 04 22 17 29 14 18 09 17 08 01 04 18 05 04 07 12 26 10 20 19 01 04 21 15 10 26 18 
18 17 15 11 12 06 20 03 11 07 11 27 06 04 22 24 30 26 22 03 21 01 23 01 24 18 14 08 27 09 17 06 18 01 09 29 28 28 23 08 26 26 27 24 21 18 17 20 13 30 22 25 01 06 18 24 24 01 23 12 09 09 10 26 10 18 17 07 07 09 07 24 26 03 17 16 20 25 05 25 25 19 19 25 24 06 10 17 06 02 21 15 02 30 02 11 09 18 10 15 
27 16 08 14 10 17 30 29 11 04 15 05 22 04 21 08 01 30 16 29 23 06 05 25 27 06 27 05 24 28 19 12 05 19 25 14 05 16 05 15 12 19 12 25 14 02 02 07 24 18 05 08 23 01 02 12 06 21 16 21 18 27 24 23 07 11 06 11 26 02 17 07 21 28 02 26 22 25 02 15 12 28 22 27 28 16 08 26 06 23 08 23 11 02 07 17 04 05 27 21 
06 06 20 26 25 13 14 16 07 15 30 19 13 14 15 02 29 22 27 26 06 05 10 17 28 17 03 01 21 22 21 26 27 10 14 21 22 27 07 29 11 28 09 15 11 23 17 01 06 05 26 11 09 06 27 28 14 22 28 04 13 11 21 09 20 04 29 04 30 27 24 03 25 24 09 27 16 17 28 13 14 15 23 14 20 12 12 03 03 09 28 15 11 19 15 23 14 05 26 06 
02 11 30 18 04 08 06 11 17 03 23 30 10 07 13 29 10 24 24 04 25 13 18 27 01 24 19 07 29 14 12 22 16 11 09 19 18 06 21 26 09 05 25 18 12 30 08 13 15 23 17 01 28 04 28 20 20 16 26 18 22 07 01 07 17 01 18 27 06 08 22 14 13 09 23 16 08 23 28 14 07 14 15 04 10 12 24 29 19 11 08 10 18 08 17 04 08 04 22 13 
03 14 19 15 14 03 22 13 17 20 26 24 03 02 19 12 13 04 02 02 15 09 03 02 16 19 27 15 14 19 28 09 24 08 23 07 10 15 11 27 26 06 12 28 30 22 02 04 18 03 05 02 04 30 25 11 18 13 26 24 23 15 02 16 22 16 14 23 22 24 11 17 22 22 07 21 06 30 24 23 24 21 16 27 20 02 08 29 14 25 14 07 09 07 14 22 23 20 14 06 
05 25 23 26 08 21 08 05 20 24 27 13 06 04 02 17 05 01 07 11 25 21 09 25 27 22 08 11 03 21 17 08 07 01 25 07 13 03 11 02 18 30 06 15 25 29 01 30 21 07 02 15 19 10 01 08 23 08 10 26 21 26 03 27 18 27 25 30 21 28 23 30 27 21 14 21 19 14 12 10 13 13 16 23 14 09 30 07 16 10 24 28 27 26 17 15 14 11 06 05 
08 29 04 26 19 10 09 29 23 12 30 05 17 16 28 30 16 19 28 23 20 21 21 17 16 07 23 30 09 28 26 09 26 21 04 06 30 04 05 15 16 04 11 02 11 30 01 26 19 29 11 08 19 01 16 27 29 08 18 07 06 13 07 01 25 11 07 25 14 03 01 21 06 11 22 09 11 23 26 29 13 06 28 23 28 14 19 26 21 06 25 26 10 01 19 05 03 25 21 09 
19 21 29 16 01 21 24 11 05 12 01 17 09 29 09 07 04 28 24 16 25 18 12 05 11 22 09 13 16 29 13 26 11 12 11 11 02 27 14 28 08 14 14 16 04 14 22 29 03 16 15 28 25 18 24 27 09 02 10 16 22 22 11 02 25 21 04 18 17 17 15 16 01 28 02 26 04 15 25 06 22 01 25 09 18 18 05 26 11 06 11 02 20 21 25 14 03 29 02 20 
15 16 27 07 06 28 25 09 05 19 06 26 11 23 26 28 02 01 23 13 06 25 06 25 15 01 09 17 29 02 28 05 17 25 12 14 14 06 22 18 16 20 06 26 04 23 23 05 23 07 17 29 01 15 15 07 15 15 23 05 16 13 09 03 29 12 16 12 17 30 22 24 11 19 11 14 11 03 18 26 01 27 16 01 11 30 29 17 15 14 21 22 26 21 16 16 03 24 19 11 
23 10 27 25 20 07 08 23 02 17 18 02 05 03 25 07 24 23 23 30 06 05 22 23 26 07 08 20 30 27 22 14 28 18 08 18 25 07 02 18 16 11 19 20 05 05 27 28 28 11 28 25 16 19 18 03 17 17 14 17 13 27 22 11 15 22 20 01 20 13 18 05 23 28 17 27 03 05 24 22 15 13 16 22 23 25 16 10 12 29 18 24 26 01 26 02 22 07 24 12 
19 03 08 11 30 24 29 24 28 23 15 05 27 23 26 20 09 04 21 20 24 30 06 19 30 23 12 14 30 05 17 18 07 24 21 29 10 19 14 07 03 21 03 22 13 21 11 13 24 23 03 17 22 30 28 13 22 09 18 21 06 04 01 04 28 13 24 07 23 08 05 18 28 08 09 02 28 11 14 13 03 08 29 16 07 26 20 29 27 08 11 02 11 03 05 30 07 29 28 30 
28 03 09 25 02 17 26 21 27 01 03 21 09 01 28 15 19 17 05 15 24 08 16 27 10 12 18 17 02 16 08 29 10 16 15 03 24 10 23 12 03 17 02 11 09 29 17 27 07 22 03 23 21 10 11 30 22 28 08 15 13 07 14 14 22 20 16 07 30 30 18 24 16 19 04 25 09 12 13 08 25 16 30 15 25 10 15 08 29 14 23 04 21 28 17 04 17 03 11 08 
02 28 01 10 09 26 04 09 08 16 16 24 23 07 09 18 08 15 25 07 28 09 10 10 28 18 14 15 12 16 14 14 13 07 15 13 24 18 14 23 25 21 17 18 28 25 05 27 09 21 03 06 22 04 16 19 22 21 25 03 06 09 08 10 07 22 15 30 01 28 23 18 18 09 05 07 25 01 04 03 13 06 30 04 02 07 23 15 27 09 09 24 09 09 04 15 22 18 07 23 
15 29 02 24 29 06 01 23 28 04 17 10 01 16 14 24 23 28 08 11 28 17 05 07 17 08 13 08 17 19 22 23 17 23 16 07 20 16 21 17 11 07 27 12 23 02 05 07 29 05 17 18 21 21 24 29 28 07 06 06 25 20 28 04 12 14 02 02 21 23 18 02 29 06 13 21 07 09 27 27 13 14 15 25 26 08 23 16 06 21 21 01 10 19 26 21 02 27 14 14 
19 02 15 10 29 19 30 06 28 19 02 02 24 16 27 19 16 19 04 21 09 25 13 10 05 30 01 28 27 14 11 07 07 18 16 06 06 08 03 25 18 04 27 11 12 23 21 27 03 17 09 04 03 22 13 07 21 05 04 09 11 06 08 09 23 23 06 29 22 08 15 09 04 11 11 15 25 24 03 20 10 11 23 12 24 27 10 07 24 05 15 04 02 14 12 25 29 18 15 20 
17 29 21 20 02 01 26 26 16 28 15 25 01 29 28 24 18 29 30 11 03 07 06 05 20 09 21 18 18 05 30 05 25 20 16 26 12 12 22 28 09 28 14 09 27 04 25 06 02 16 16 27 22 21 01 04 21 13 13 09 17 12 13 03 23 28 29 27 09 12 16 10 09 21 10 27 24 04 02 26 20 09 22 03 21 14 28 12 18 03 20 26 14 02 28 29 21 26 17 30 
07 02 01 08 14 10 04 08 06 06 25 17 14 16 11 05 21 09 16 08 11 05 03 16 28 22 06 18 18 22 09 16 15 09 23 29 11 19 06 16 24 30 02 29 07 12 25 19 12 02 18 14 06 12 30 25 03 05 13 12 19 21 20 03 22 04 23 02 22 20 09 07 11 10 28 09 13 22 27 17 24 06 30 21 17 29 16 12 26 20 15 06 02 04 30 15 30 23 16 13 
12 24 20 23 25 09 23 30 22 20 16 15 17 15 28 26 06 05 07 23 16 13 28 17 09 19 02 08 11 09 20 15 25 01 29 11 09 21 10 01 02 17 07 19 24 26 14 21 30 12 05 15 16 02 24 24 12 17 01 23 17 13 29 11 13 27 14 22 09 15 14 11 02 20 21 17 16 26 07 07 29 11 14 14 04 29 08 15 15 30 29 01 12 19 04 17 07 17 30 16 
01 13 18 24 24 08 10 01 03 08 08 01 10 13 06 05 11 05 12 25 05 10 17 08 21 20 24 27 28 15 12 29 27 21 22 13 28 24 13 22 01 12 14 03 16 20 07 26 24 18 12 20 20 29 28 10 10 13 06 08 28 10 06 16 30 19 28 28 04 03 11 05 06 25 07 22 06 05 17 21 23 21 11 12 19 30 21 20 12 18 27 01 27 24 17 27 05 06 16 08 
08 26 04 14 12 02 27 09 07 13 30 29 25 02 02 13 01 22 25 04 01 21 05 28 07 13 16 11 18 01 10 26 18 14 01 22 15 27 30 21 01 21 11 26 14 12 30 06 25 24 10 26 07 06 15 13 18 30 15 05 22 24 22 09 29 14 30 14 02 22 26 25 04 29 12 18 02 11 23 19 27 24 06 03 29 20 07 08 11 13 05 02 28 26 10 27 02 02 02 03 
15 19 27 18 17 08 27 19 11 12 07 07 05 12 01 04 23 29 03 03 03 07 04 30 25 05 18 26 28 19 20 12 08 17 22 16 16 18 04 26 29 02 24 26 05 16 21 27 06 23 29 08 30 24 08 24 29 25 11 26 06 30 08 13 08 21 28 24 30 24 11 21 25 27 16 22 12 06 18 18 28 09 17 19 02 24 04 30 11 14 18 16 06 17 20 13 07 09 28 06 
02 09 18 19 05 03 10 08 08 19 17 06 27 04 24 21 19 28 20 21 03 29 28 08 15 17 21 13 18 10 19 11 18 06 21 14 01 22 14 08 11 30 05 29 25 21 19 06 10 01 18 12 29 16 12 14 24 24 26 11 03 06 22 13 04 12 26 04 04 01 03 06 01 08 04 17 20 15 14 29 15 02 02 13 17 13 18 10 06 06 13 01 03 26 13 06 29 30 01 24 
01 04 29 01 03 25 09 22 09 23 12 23 24 13 27 02 26 07 03 23 12 15 23 14 10 05 12 09 05 12 02 05 07 23 27 01 09 27 14 17 11 25 01 26 08 19 27 25 25 30 17 06 06 02 12 16 06 23 16 02 26 09 28 25 23 16 25 01 05 09 09 15 25 09 11 02 28 29 26 22 20 05 20 26 06 01 03 03 15 10 27 02 18 16 26 03 24 13 03 28 
13 12 04 07 12 06 09 09 05 26 23 24 30 04 11 27 26 13 30 02 22 18 03 02 03 29 04 26 11 06 15 23 09 19 21 21 24 29 21 20 17 05 06 08 30 16 05 25 29 26 26 12 13 21 13 07 19 08 25 21 06 09 05 14 27 25 26 13 16 09 02 02 13 07 01 13 15 05 29 05 22 17 16 26 07 21 03 17 28 27 07 03 27 03 09 16 27 26 28 04 
04 21 27 09 20 28 21 04 24 11 08 08 27 15 03 03 27 27 19 25 15 17 19 12 19 19 27 08 15 16 11 10 06 30 18 25 19 30 20 12 11 27 19 07 04 14 02 30 02 12 16 17 29 05 20 17 15 08 16 21 23 19 01 20 18 10 15 06 10 04 09 20 23 20 18 18 25 11 17 26 23 03 04 21 29 23 29 05 30 15 26 14 25 26 04 12 27 10 09 06 
05 09 17 19 20 05 06 14 07 23 10 29 17 13 19 07 28 10 11 19 16 06 03 10 23 28 13 20 07 21 25 11 21 04 22 11 08 27 24 06 11 25 05 27 30 15 03 27 24 14 15 09 11 09 18 04 06 22 15 12 12 09 15 25 04 06 05 11 02 20 09 05 15 13 23 14 27 26 10 13 01 16 13 03 25 23 28 30 14 12 04 18 13 18 12 16 15 08 19 08 
27 27 12 11 09 05 24 27 22 25 01 14 11 14 16 05 28 14 26 11 25 29 20 29 16 01 15 22 08 03 30 27 29 11 07 29 15 23 17 28 17 18 11 19 23 19 15 20 24 11 22 10 01 12 09 09 12 23 30 12 17 29 08 07 10 06 27 16 28 13 06 07 22 16 17 14 26 24 25 19 04 17 21 26 28 29 04 01 13 04 04 21 02 11 27 03 09 15 19 28 
27 24 04 11 01 13 24 19 06 11 29 01 27 19 26 16 17 30 16 21 03 20 11 26 22 29 29 30 13 09 28 02 24 23 12 16 05 27 04 02 29 03 02 25 13 28 02 22 19 18 12 21 29 15 08 12 05 06 12 10 06 01 03 29 23 06 15 20 24 10 13 23 04 15 09 17 04 11 08 22 20 11 04 10 17 11 21 22 17 24 23 22 24 25 13 09 30 19 20 23 
28 02 07 02 16 16 10 11 18 09 02 07 19 05 16 28 16 28 11 24 22 03 07 15 19 19 15 18 07 04 02 27 28 09 20 05 16 29 16 03 07 17 09 17 22 16 14 29 13 24 14 26 26 20 03 14 01 17 23 29 13 17 25 10 25 14 14 02 04 29 04 10 08 04 27 21 11 10 19 15 26 02 11 13 13 13 19 05 21 11 04 03 19 20 12 13 26 18 06 29 
08 09 01 15 12 27 05 22 28 15 29 23 08 09 28 21 13 16 17 03 26 12 06 15 24 09 19 19 18 17 09 26 25 01 10 29 19 07 12 17 21 10 01 29 18 28 11 30 13 27 03 01 01 30 07 24 30 17 04 18 03 12 13 20 05 14 18 23 20 29 09 11 09 02 01 18 21 11 10 04 29 12 26 29 03 24 14 02 02 17 11 05 21 23 24 25 07 03 17 26 
01 18 28 01 19 28 19 09 08 28 04 29 01 21 19 25 06 03 18 08 11 29 12 01 21 27 17 19 21 26 15 13 13 12 14 23 02 24 23 01 13 19 29 05 09 10 29 15 04 16 22 14 14 25 07 27 13 15 15 25 10 21 07 14 25 20 06 26 05 29 18 17 17 17 21 17 18 11 23 21 19 06 26 24 22 24 20 26 09 27 20 10 09 27 24 03 16 29 20 21 
19 08 29 05 16 12 14 03 22 06 15 10 12 10 04 03 26 15 29 04 11 10 05 12 06 28 06 14 19 26 26 07 25 24 04 02 05 09 04 19 14 10 28 17 11 23 12 06 08 02 01 10 11 06 21 17 25 27 30 13 14 25 12 30 10 07 01 07 15 04 25 28 05 14 07 15 07 18 21 06 19 21 15 29 18 28 07 13 16 28 17 29 14 28 28 24 04 28 30 18 
23 16 08 27 29 14 03 05 01 23 02 11 06 17 01 23 06 08 05 21 05 22 11 19 11 08 04 15 27 25 24 11 10 01 29 30 14 01 27 06 16 28 08 21 14 09 13 11 08 10 01 04 23 11 14 25 10 17 09 06 03 25 08 04 25 06 04 01 29 22 28 14 19 06 26 25 06 08 05 05 09 06 08 23 16 22 18 18 30 18 23 25 12 23 28 29 20 23 21 18 
14 18 23 03 15 18 19 20 18 23 16 18 20 24 03 28 07 12 15 28 29 29 22 03 21 12 23 11 26 13 20 10 22 05 04 07 22 22 18 01 06 04 19 26 19 21 15 25 02 29 14 22 27 28 16 18 09 08 20 26 12 09 05 04 13 30 02 27 13 11 27 19 14 07 06 02 27 20 18 20 18 24 04 06 21 19 23 21 19 04 16 22 05 13 25 09 12 18 05 17 
29 24 05 04 30 02 28 19 13 15 30 22 30 03 27 20 22 12 10 02 07 18 23 11 30 10 20 11 27 16 27 17 09 23 21 01 16 18 11 20 24 10 11 24 13 30 05 04 03 15 27 09 02 19 20 23 28 01 25 17 16 22 25 17 06 15 17 14 24 27 03 10 06 06 25 18 27 29 13 29 05 09 07 28 20 18 20 09 18 15 25 04 28 12 12 25 26 20 30 12 
16 03 21 13 30 15 23 26 05 27 24 10 28 22 07 17 10 19 25 19 03 12 14 22 23 25 08 10 14 08 13 21 10 03 04 01 09 18 26 14 14 11 23 11 02 21 19 03 01 06 22 25 09 05 16 23 22 24 02 05 01 07 26 02 09 21 24 10 08 19 23 13 21 07 16 14 19 04 09 20 09 22 14 09 26 22 01 09 15 25 14 07 01 01 30 01 21 23 10 28 
03 02 02 15 30 17 28 19 21 06 08 21 27 13 30 15 04 22 23 10 16 28 08 16 28 29 17 10 13 18 29 07 20 01 21 11 17 11 29 29 16 28 12 05 03 03 11 06 24 25 08 10 15 15 17 12 14 25 14 18 13 12 25 24 12 15 04 21 25 25 19 03 14 30 29 16 02 09 14 18 25 21 19 09 27 05 13 02 22 26 20 26 07 14 11 11 28 06 01 15 
30 19 17 06 11 15 21 04 15 04 21 01 16 09 10 13 06 14 14 27 09 03 14 07 16 24 17 14 21 17 20 21 28 06 18 08 12 08 03 18 04 24 18 19 02 19 01 29 02 15 17 02 17 30 09 25 15 25 30 06 04 19 18 23 16 05 30 27 04 02 14 07 17 01 18 11 12 18 09 13 24 26 15 03 17 15 19 24 01 18 29 04 06 08 26 21 04 17 09 29 
11 22 28 19 14 15 29 25 24 08 30 10 25 14 12 03 28 30 26 28 09 16 24 14 23 11 26 18 28 04 17 30 17 14 18 22 28 09 09 13 08 08 22 02 13 03 26 02 24 22 29 02 07 14 07 22 25 24 09 14 19 17 05 27 30 22 19 19 22 19 02 29 26 15 22 30 10 18 01 03 09 29 27 07 05 25 28 29 19 29 04 29 15 08 26 07 29 06 17 13 
24 10 11 11 25 03 10 04 20 10 28 28 30 16 26 04 11 24 02 21 14 05 11 20 12 06 26 03 11 13 15 26 14 17 06 08 19 15 03 08 16 23 27 16 08 15 19 10 08 13 22 13 17 03 02 21 30 28 15 03 02 21 28 15 07 26 15 18 02 09 17 18 01 06 03 09 20 21 10 19 25 02 01 12 04 02 24 25 21 30 27 14 12 25 21 10 12 05 27 13 
13 14 30 14 11 02 14 30 15 23 10 09 16 10 12 11 11 27 06 24 18 02 07 29 18 27 09 29 01 27 12 06 02 11 11 12 05 24 03 11 08 12 11 24 21 15 04 24 03 09 17 21 03 23 19 20 20 19 19 12 16 30 17 17 02 27 21 06 12 23 08 12 05 19 05 17 25 30 10 27 01 18 17 03 11 28 22 22 08 10 03 23 01 20 02 03 08 22 30 12 
06 08 23 02 18 19 19 12 10 20 08 10 08 17 04 10 14 26 01 13 27 03 28 28 14 29 22 22 12 21 25 09 28 17 11 15 27 21 18 06 10 26 08 09 12 11 18 17 28 18 29 25 13 26 14 26 16 05 09 19 17 03 28 07 11 30 13 29 20 01 05 29 26 04 08 29 14 17 15 12 05 05 28 09 01 11 04 08 07 13 19 23 07 16 29 10 15 12 08 26 
12 04 16 29 07 15 27 21 02 03 24 28 07 21 06 29 23 09 29 29 13 17 13 12 02 04 21 08 07 20 25 10 24 10 08 30 25 26 12 26 28 27 23 26 17 20 25 01 28 23 21 03 09 04 14 02 29 26 01 05 15 25 06 08 04 13 30 28 30 03 23 19 22 07 14 30 26 08 01 16 22 21 10 22 16 23 23 14 10 15 18 24 09 23 24 13 27 15 02 18 
09 17 06 30 23 20 22 11 19 22 18 03 04 27 24 20 11 09 03 20 23 13 05 24 27 20 06 16 04 07 03 05 15 01 26 30 20 17 10 30 30 27 02 04 23 18 23 25 18 17 14 02 21 10 25 18 30 22 25 25 21 19 29 05 19 17 04 30 03 13 30 03 01 23 28 15 02 20 09 19 28 14 13 19 24 07 06 23 29 22 09 19 10 08 15 29 16 19 28 18 
23 19 12 24 12 01 30 05 20 01 16 18 14 28 28 29 04 03 21 24 16 30 04 25 29 19 23 06 07 13 15 29 01 27 14 04 19 06 09 09 06 24 18 11 13 07 10 16 01 22 02 16 13 05 10 03 23 25 08 29 07 23 20 07 11 25 03 29 22 11 29 27 26 08 30 08 14 09 15 14 22 16 29 05 21 01 07 13 25 07 04 01 29 15 29 09 09 01 29 01 
11 28 19 28 27 18 05 11 18 12 16 10 27 15 06 17 15 04 22 01 10 25 01 08 09 29 08 09 30 29 01 02 26 12 30 22 21 26 24 09 07 10 10 26 16 15 12 22 10 25 22 20 19 22 19 19 12 27 20 03 25 12 05 12 23 26 25 14 13 19 14 12 20 15 07 05 21 10 26 30 05 09 19 15 30 08 04 11 26 15 06 12 26 10 23 11 27 09 24 09 
27 29 20 08 13 26 04 03 06 29 02 02 07 21 16 28 20 11 01 15 25 06 26 13 07 10 23 03 18 08 03 07 06 23 14 10 10 18 12 07 08 05 08 07 17 24 26 06 04 26 12 21 23 07 25 29 16 17 23 26 24 26 02 21 18 07 30 19 16 03 26 24 29 03 22 16 26 17 21 22 05 03 04 19 01 28 10 09 14 02 04 29 27 27 11 06 03 02 25 11 
26 12 04 24 14 17 09 02 25 22 15 21 16 18 10 08 15 11 16 20 12 11 10 01 29 20 28 24 13 14 04 08 25 29 01 09 15 02 02 01 15 16 22 30 03 23 07 17 03 15 28 06 17 07 28 16 18 26 09 30 09 12 07 04 02 29 04 16 22 05 08 06 20 21 05 14 05 04 22 29 10 19 05 26 25 02 03 04 27 11 03 28 14 01 23 15 29 26 22 21 
22 30 18 03 12 23 16 17 18 07 15 27 25 19 14 11 13 17 14 01 19 08 28 25 08 12 01 28 07 23 18 28 14 06 30 17 20 07 03 29 13 18 17 29 28 30 01 02 16 06 03 27 13 22 21 12 04 13 10 02 27 19 22 02 16 13 19 27 20 21 25 24 30 11 23 28 11 15 29 18 13 23 06 17 15 18 29 10 01 08 11 27 18 24 29 04 07 09 30 26 
29 17 19 29 27 03 18 29 10 08 09 22 01 14 08 07 02 28 08 24 05 10 12 23 04 02 18 02 10 17 19 09 03 29 29 22 02 08 20 03 15 28 24 07 04 23 05 05 21 04 20 17 14 01 01 09 03 18 10 12 27 28 12 21 26 02 12 19 09 24 13 16 13 28 14 16 21 11 12 03 14 01 19 19 02 12 19 26 29 28 07 17 17 19 08 05 20 11 15 21 
26 28 06 09 25 11 24 07 21 06 09 05 28 20 15 29 01 04 24 21 23 23 08 02 03 07 06 14 09 12 04 05 01 01 05 26 04 20 24 24 17 25 20 15 14 05 05 06 30 21 18 22 13 25 23 07 23 20 20 24 24 16 28 24 08 24 11 11 13 05 05 30 21 24 06 26 20 10 01 19 30 10 03 04 05 25 10 19 07 22 12 30 07 01 15 14 24 26 25 29 
22 21 28 12 06 03 07 26 04 29 06 26 08 08 29 04 25 01 15 01 22 26 22 20 19 28 25 12 23 19 10 06 01 29 17 07 23 15 02 27 05 29 22 05 07 12 30 01 04 14 23 25 02 14 06 20 11 01 23 26 11 03 01 12 23 10 10 16 16 03 04 13 01 25 17 07 28 08 07 02 22 21 18 15 26 24 04 07 16 26 24 18 20 16 21 13 17 30 20 25 
02 23 07 03 09 15 09 06 22 08 07 05 28 17 19 24 02 14 22 17 10 07 04 21 22 25 03 01 16 14 25 18 06 23 20 14 07 20 12 20 27 10 17 17 26 27 10 27 11 23 05 20 29 01 02 12 17 05 12 02 10 06 11 16 28 30 21 26 12 02 08 08 04 16 16 29 12 17 18 22 09 14 03 29 14 05 11 22 01 22 16 10 20 26 17 09 26 08 27 29 
01 04 28 04 11 14 25 22 30 04 14 01 17 16 29 23 12 01 14 12 15 29 22 04 17 08 04 04 07 30 02 08 25 29 03 05 12 27 19 04 30 02 04 17 09 24 09 21 17 14 24 01 05 15 26 21 15 29 24 21 21 25 28 07 23 23 04 27 19 22 30 19 15 25 27 23 10 27 05 26 02 29 26 06 05 21 18 19 12 11 10 24 27 29 30 12 21 03 30 02 
16 21 12 30 15 08 15 16 26 11 04 27 09 29 03 14 12 12 24 15 15 25 08 11 16 29 14 28 24 13 29 09 03 10 01 09 09 15 17 04 17 20 01 26 10 25 01 13 06 24 27 12 11 26 15 26 25 28 23 18 03 14 18 05 23 10 06 02 16 22 27 03 11 27 28 20 13 20 25 19 05 21 22 15 09 06 10 03 04 25 12 06 08 21 02 22 01 29 15 16 
20 12 18 22 08 07 04 13 26 28 23 01 10 14 15 18 20 17 20 15 11 23 12 10 14 13 01 14 12 16 21 23 27 09 07 26 07 10 08 03 29 30 25 08 06 01 26 25 17 07 09 19 30 20 20 05 24 21 10 27 28 30 12 16 30 18 11 07 27 11 01 25 02 25 24 07 25 19 23 04 18 23 22 09 04 12 13 28 24 14 16 21 05 27 06 05 06 08 03 02 
10 03 18 04 19 04 02 13 22 25 16 01 09 30 09 13 03 13 02 26 26 17 08 01 06 13 27 11 12 29 05 22 23 14 17 11 17 18 23 01 12 01 01 13 22 10 25 24 22 26 11 10 04 18 10 09 22 06 20 25 04 24 08 18 29 24 28 16 12 12 16 15 04 08 27 25 09 21 10 23 08 20 02 12 07 11 20 20 08 01 15 03 16 22 20 15 16 09 22 19 
20 29 03 24 06 30 10 07 12 20 29 20 09 30 23 08 02 12 19 01 05 03 03 20 17 14 26 24 22 17 12 11 07 14 26 13 05 06 19 09 17 09 28 25 30 20 24 23 23 13 23 19 15 17 01 23 30 26 16 21 05 19 23 11 03 19 15 29 16 25 07 02 03 26 18 24 07 12 16 22 24 30 10 30 16 10 23 07 28 30 27 24 19 20 04 13 30 11 11 07 
05 10 08 30 27 25 15 26 28 23 17 21 22 18 21 30 20 05 06 17 04 25 10 14 14 05 26 05 07 29 11 12 30 10 03 26 04 09 13 02 01 29 14 23 09 26 22 28 30 19 06 26 13 07 09 18 03 05 22 10 25 24 13 24 03 07 11 29 15 24 22 16 14 27 30 22 23 13 11 14 01 16 09 14 14 10 23 17 06 07 26 30 30 30 15 25 06 25 15 20 
18 06 27 24 24 26 15 16 08 26 30 09 03 08 14 17 17 06 25 14 04 20 13 04 11 27 20 16 14 04 27 01 01 24 16 24 19 01 02 27 18 01 27 12 30 02 28 09 07 22 22 03 03 05 06 13 23 17 20 06 12 17 29 04 02 14 27 12 06 20 30 23 20 26 05 12 27 24 20 26 08 11 28 10 07 25 15 22 03 26 27 14 04 17 17 05 01 05 09 06 
25 08 21 06 26 25 17 14 10 06 01 17 09 20 19 07 06 25 28 08 20 17 21 16 03 29 20 03 04 20 01 20 28 21 25 23 07 12 28 16 09 29 25 17 18 05 16 24 29 13 01 10 21 14 25 24 04 07 18 07 26 18 18 15 30 13 07 06 24 05 14 24 25 30 11 12 04 18 27 24 22 20 25 13 25 20 28 28 18 15 27 13 25 14 28 24 26 26 22 11 
22 05 05 16 26 07 20 21 24 16 14 15 27 08 19 21 19 16 19 06 01 07 19 17 20 08 10 08 03 01 18 17 27 14 02 22 12 13 12 05 21 17 12 17 17 22 30 05 08 10 11 30 16 21 16 05 20 25 04 22 18 14 30 14 27 24 28 09 06 01 05 26 18 08 05 04 30 04 08 07 13 10 28 28 22 13 24 11 07 28 25 16 03 24 30 21 17 27 21 23 
27 26 10 06 25 14 09 16 17 09 14 21 10 11 18 02 23 04 12 22 23 06 07 25 30 28 15 16 16 06 30 05 23 10 10 09 23 11 25 02 19 08 22 28 19 02 29 11 27 03 24 19 08 01 05 07 28 11 15 06 16 14 10 30 15 19 09 30 21 03 01 01 02 14 29 20 07 19 23 03 21 16 21 21 08 17 19 28 28 03 03 05 09 12 05 15 22 05 14 13 
29 06 13 30 20 03 20 26 14 04 21 26 19 03 08 19 20 27 16 17 21 18 13 29 21 09 06 04 13 19 08 03 25 13 03 06 15 14 23 20 17 13 08 27 16 15 15 05 11 30 13 02 09 17 22 21 26 27 25 30 08 02 03 02 14 05 07 21 18 29 02 26 12 09 22 19 24 07 15 04 28 19 27 07 05 19 27 30 07 13 30 14 15 24 15 20 28 13 02 07 
04 04 02 07 12 23 25 05 21 09 09 19 27 27 17 23 15 05 23 14 18 14 27 24 07 04 05 26 08 07 02 11 10 03 17 21 17 03 18 08 11 18 18 29 14 04 22 21 30 06 04 17 11 22 10 17 17 15 04 17 13 05 27 22 29 06 04 15 30 21 14 03 08 23 01 14 18 14 04 18 19 07 04 21 20 06 07 29 12 10 15 24 06 11 07 04 08 10 11 08 
23 16 02 30 09 02 13 18 08 16 05 18 14 01 09 26 06 07 24 09 09 08 02 14 10 08 10 10 09 20 09 01 27 10 23 27 03 05 15 10 13 11 28 18 11 28 05 08 04 28 16 12 27 09 18 07 08 27 16 17 08 16 17 04 25 01 23 27 06 29 29 10 09 18 19 20 15 24 27 18 13 05 22 10 13 09 16 21 27 23 07 04 30 15 29 24 16 21 12 13 
19 10 14 28 27 02 09 11 17 27 21 30 01 12 09 14 12 16 04 08 30 02 11 29 08 01 14 23 22 25 27 02 27 10 21 23 12 29 26 20 18 08 19 18 19 19 23 22 26 26 29 17 19 01 07 27 01 20 19 14 07 16 08 03 17 28 17 20 19 12 10 06 19 20 15 29 01 08 20 26 25 10 05 14 02 11 10 25 23 20 30 29 27 07 01 14 27 17 03 15 
21 12 12 09 02 18 30 24 25 11 19 20 13 15 03 06 26 04 30 10 23 22 08 20 28 30 25 24 08 27 30 28 01 03 29 24 21 28 17 07 30 27 26 12 12 20 18 29 23 09 08 08 30 15 19 28 06 13 13 13 09 05 03 09 29 01 02 11 20 18 18 19 07 13 23 18 25 02 16 17 10 23 16 10 29 04 29 26 16 03 08 17 29 10 17 20 02 11 30 21 
20 17 02 26 22 16 13 08 17 20 24 18 12 10 19 02 05 17 27 21 12 27 07 02 28 15 21 30 25 13 12 15 21 05 10 12 20 15 19 28 04 05 16 16 06 04 09 10 13 28 22 16 24 20 17 13 05 30 12 29 12 24 05 02 20 15 06 10 29 24 29 02 20 14 09 17 10 10 27 22 07 18 29 22 08 15 04 04 14 08 02 25 23 07 27 12 13 24 13 11 
09 12 04 29 17 05 15 18 14 03 09 12 13 29 03 12 14 28 15 19 05 08 06 19 14 24 01 18 17 05 20 25 16 24 23 25 28 30 12 03 24 13 14 06 11 08 17 16 27 23 05 24 01 10 12 06 03 12 24 19 17 13 13 24 06 28 18 25 19 22 27 12 04 02 10 06 09 18 22 28 11 26 21 03 27 02 08 29 06 01 09 22 14 13 07 11 02 17 28 20 
08 16 24 03 18 25 08 18 12 29 15 14 16 05 16 04 07 24 02 12 16 02 25 29 07 23 02 08 09 29 20 08 14 05 10 23 29 10 11 02 30 25 16 08 22 23 11 28 16 05 01 02 28 17 22 04 09 23 04 10 13 15 17 19 19 19 11 09 20 21 10 19 08 17 18 29 10 29 18 17 03 10 18 30 18 02 26 26 24 29 05 29 13 14 09 23 24 19 01 13 
02 02 23 01 11 11 21 20 09 30 06 03 09 16 24 26 17 19 13 02 09 10 22 21 23 30 05 08 19 27 20 12 29 12 12 01 22 24 12 30 23 09 24 01 24 18 18 02 06 30 04 15 01 17 27 15 17 24 22 27 20 11 30 10 23 03 10 06 26 21 28 18 30 21 10 15 08 27 17 06 18 12 12 19 20 30 03 06 23 17 24 05 27 23 14 11 25 16 17 20 
28 06 29 27 26 08 04 26 04 12 23 14 23 26 02 12 25 26 10 10 12 03 14 01 18 19 11 04 04 19 16 02 24 14 20 12 22 23 07 17 04 21 30 18 16 23 30 10 11 01 11 22 25 24 14 12 13 25 16 08 05 01 09 21 14 29 02 27 21 30 06 17 20 05 04 27 20 25 28 30 25 09 13 12 24 19 23 28 05 08 06 09 30 14 29 06 12 22 02 25 
21 07 03 02 04 06 20 15 23 18 06 09 26 10 20 11 28 13 09 02 12 14 11 04 27 01 09 01 23 02 17 05 09 19 29 04 16 18 18 30 27 15 09 22 24 20 03 22 24 03 23 28 16 25 01 12 18 09 12 02 10 20 28 10 08 26 05 16 06 14 15 02 28 23 16 14 13 10 05 06 12 19 03 27 06 25 30 23 25 04 16 27 23 13 06 01 01 03 08 06 
16 22 29 06 07 14 19 19 15 15 16 26 25 11 14 30 27 14 14 22 17 29 18 09 04 15 01 04 17 08 01 25 30 29 22 06 05 10 16 19 16 23 15 10 25 20 02 22 03 15 05 19 06 22 20 09 06 20 04 15 20 04 01 19 02 22 16 06 23 23 17 08 07 01 17 02 12 18 15 15 25 19 03 30 02 14 30 29 04 25 05 23 28 05 03 21 26 10 19 10 
02 05 17 08 27 04 01 08 13 07 22 07 25 17 28 18 30 19 17 25 13 21 17 02 18 11 23 05 20 03 15 13 07 01 21 03 26 13 10 09 20 24 07 14 02 27 24 01 07 10 26 12 22 04 13 09 07 27 14 26 29 20 09 27 20 21 21 08 03 23 16 22 16 14 28 17 02 21 09 09 22 26 20 05 22 02 06 28 21 11 15 11 30 23 08 19 05 28 26 08 
20 03 21 27 09 18 13 10 30 14 18 21 09 07 18 30 01 23 27 13 03 12 23 02 26 22 12 01 20 30 30 01 24 20 20 02 08 24 04 29 07 21 12 16 20 29 07 12 21 26 24 23 29 16 24 24 30 27 16 11 26 15 11 20 27 30 13 04 24 16 24 22 07 05 29 18 03 06 29 23 01 22 07 29 29 22 14 28 19 22 08 06 06 11 25 02 02 08 27 17 
23 21 09 21 17 07 08 20 04 06 04 04 19 03 24 18 24 30 07 04 21 15 10 18 25 04 20 26 03 08 05 18 20 13 08 07 11 08 18 15 13 13 18 24 15 04 11 09 03 09 04 15 23 13 02 09 09 21 27 11 21 01 20 10 13 20 08 23 27 17 07 01 30 17 24 14 12 26 14 06 05 18 20 19 22 21 28 30 04 24 03 24 16 22 25 28 11 25 12 29 
11 11 30 02 19 23 08 30 11 21 27 07 30 16 25 22 06 22 21 01 07 15 16 22 07 03 11 09 27 23 08 29 25 29 01 05 13 08 26 23 20 22 29 20 07 24 03 04 07 15 05 14 30 20 05 28 22 16 28 10 30 27 01 16 25 01 20 08 30 07 22 11 28 13 22 04 28 24 29 04 01 03 17 30 15 14 27 28 21 16 30 12 13 30 19 07 22 30 06 21 
06 28 23 03 10 15 28 07 30 26 02 30 21 11 21 27 16 17 24 06 25 15 09 07 14 27 05 05 26 11 17 01 30 02 25 01 16 22 29 07 09 30 07 21 10 27 17 17 06 03 22 30 17 22 28 01 18 02 27 05 04 06 27 03 07 21 03 14 04 01 20 05 01 18 25 02 15 12 19 12 14 02 03 22 24 30 14 03 23 11 08 27 16 04 29 14 25 24 27 20 
24 16 24 16 26 19 10 10 22 28 13 27 21 15 18 06 06 02 09 28 04 16 16 11 19 07 24 05 30 12 17 23 27 10 09 22 20 18 23 11 07 27 29 19 11 17 25 08 18 03 28 13 10 13 23 20 19 16 25 18 27 03 03 15 12 11 29 24 20 13 26 18 10 25 28 12 11 22 20 20 16 09 02 17 21 16 07 02 01 23 11 19 25 13 03 28 15 23 21 26 
06 17 13 07 11 03 18 13 16 29 24 02 07 17 10 20 02 16 21 02 30 01 12 24 14 06 22 20 29 04 16 26 12 20 24 14 22 11 26 08 02 11 01 30 27 10 19 28 18 01 21 17 02 24 11 07 30 24 18 20 19 03 15 01 23 08 14 14 10 02 13 11 12 05 03 01 15 21 20 24 22 03 10 15 26 12 13 25 27 30 14 16 03 20 08 17 27 13 22 29 
06 05 01 10 01 03 10 15 24 29 08 07 23 10 13 19 21 25 13 18 16 19 25 18 08 24 26 27 06 18 17 12 14 17 21 14 12 22 21 27 12 20 03 05 29 15 23 20 01 27 29 16 15 15 26 15 08 21 03 13 30 19 16 13 05 28 19 16 19 01 04 01 20 06 27 11 12 19 30 12 07 20 28 14 04 23 28 03 13 30 07 13 18 23 17 14 12 27 22 01 
27 25 23 09 23 19 19 04 29 10 16 05 21 13 10 16 27 07 18 09 28 24 13 07 08 22 13 20 10 04 12 29 20 26 07 04 14 17 08 04 18 15 30 08 19 10 23 15 08 02 15 06 17 20 04 17 11 16 06 12 11 09 10 23 04 08 26 09 16 03 12 03 17 11 10 27 12 24 11 20 17 26 25 04 15 28 20 17 06 17 28 16 17 30 08 20 07 26 28 23 
28 01 25 07 03 27 03 15 12 06 04 21 23 20 24 29 09 05 15 14 13 04 22 29 03 21 10 02 16 07 24 06 29 10 12 01 28 06 15 02 11 10 22 25 29 07 23 08 03 07 13 15 03 04 05 27 25 14 28 10 12 13 15 10 15 18 02 04 16 17 05 18 26 18 13 17 16 05 24 18 04 06 24 06 02 28 02 26 03 22 27 14 04 04 15 18 13 17 22 28 
25 18 08 12 28 20 28 13 24 13 01 19 11 16 16 12 14 18 29 16 01 25 22 04 20 28 14 25 06 27 22 30 14 29 04 03 10 01 16 26 06 16 14 16 01 30 27 06 09 25 14 09 11 27 04 01 24 17 25 30 05 08 21 11 29 24 13 08 17 28 03 22 05 09 07 28 08 25 03 08 19 08 08 29 04 11 21 20 20 07 19 24 07 01 04 05 17 17 04 03 
06 29 16 11 07 14 08 06 08 02 05 18 10 12 08 05 22 21 16 03 27 26 27 25 27 22 21 13 30 25 07 06 15 22 08 13 05 15 10 04 08 14 21 09 25 28 14 08 18 29 03 07 25 21 01 13 12 22 25 04 08 01 09 14 14 16 26 10 22 05 13 29 10 03 08 26 22 13 25 02 03 27 08 19 17 30 01 21 13 17 24 20 09 02 25 14 09 20 23 30 
16 05 20 17 29 19 12 21 23 29 22 26 25 21 06 12 20 29 02 03 15 17 14 16 18 01 29 18 12 14 09 20 18 28 06 17 09 10 29 01 08 12 26 02 02 02 05 13 22 28 07 06 14 13 13 23 13 04 10 24 17 10 13 26 08 11 04 16 20 02 08 19 13 04 12 06 27 09 11 18 06 17 15 12 21 20 04 03 23 06 19 01 15 23 26 14 03 30 21 14 
23 29 24 28 24 06 25 20 14 05 29 11 14 05 22 04 24 18 07 08 15 17 08 21 09 26 05 04 17 17 09 01 15 03 28 30 30 15 19 13 19 09 23 24 14 07 28 29 16 26 07 30 12 06 12 12 23 08 07 01 25 08 02 01 10 21 01 09 27 11 13 16 20 27 01 25 25 28 15 10 23 13 01 26 11 13 30 03 12 06 26 06 13 19 07 14 01 29 14 28 
09 18 05 20 15 05 06 01 03 21 03 17 25 03 05 05 07 04 30 19 01 25 16 06 13 14 11 05 12 17 02 13 04 06 02 10 11 30 11 05 12 13 13 06 07 17 11 06 12 02 24 05 26 01 02 30 15 12 04 18 28 28 30 24 03 24 03 05 15 05 09 26 17 14 01 16 30 03 21 04 04 14 08 21 06 01 12 20 04 08 30 02 05 29 17 29 14 19 04 28 
16 04 15 02 17 08 17 09 02 07 04 06 12 03 18 18 03 22 29 06 29 28 29 25 19 15 23 24 26 18 14 11 22 28 04 30 05 13 30 07 11 03 04 23 05 13 02 07 04 22 05 24 12 03 18 22 10 11 15 05 20 28 07 11 18 10 03 14 22 24 12 03 27 07 17 23 20 10 22 15 01 26 09 04 20 18 25 29 20 02 03 10 21 01 12 08 11 14 22 24 