100 100 30
20 29 10 30 12 25 09 24 04 25 14 02 12 19 07 28 05 21 30 03 14 11 20 25 28 23 06 05 04 07 29 16 27 01 15 08 25 23 24 28 10 07 21 13 25 27 11 22 18 10 16 23 20 05 17 09 27 14 05 23 13 04 08 09 04 14 09 20 07 02 17 08 30 07 20 16 25 30 07 04 09 22 26 21 19 04 21 07 18 26 29 30 29 28 08 24 12 16 13 18 
09 21 25 08 19 06 24 13 06 22 17 06 14 04 18 02 30 09 30 17 04 29 08 24 26 07 09 07 15 21 16 15 03 02 23 21 08 08 25 05 29 03 10 04 07 28 27 06 06 27 14 01 25 13 24 12 19 02 11 25 14 26 10 08 28 24 28 27 01 14 01 21 17 02 25 23 29 13 20 26 09 25 18 25 07 11 29 25 04 09 12 09 04 21 16 23 14 05 11 14 
19 03 26 05 05 12 19 25 25 30 13 25 24 30 20 30 03 18 16 28 18 27 07 21 17 14 06 22 11 08 27 21 11 23 17 15 04 27 09 20 26 21 15 19 13 26 10 15 05 17 12 22 14 10 04 22 16 01 06 18 09 02 08 19 24 24 03 20 20 03 01 07 16 15 17 20 02 18 04 06 04 07 27 09 09 23 23 16 23 28 03 01 29 10 19 15 25 13 26 06 
08 26 12 15 03 20 04 04 07 29 02 10 27 20 19 27 12 03 12 05 30 14 27 28 15 08 04 01 12 29 06 11 17 09 25 11 20 20 06 26 18 07 28 07 27 08 03 30 10 15 26 09 20 23 28 05 30 24 05 11 22 03 22 30 03 08 10 23 28 16 18 07 22 15 13 10 14 16 02 23 22 27 01 11 19 21 07 10 14 04 13 27 28 26 27 30 03 28 22 22 
05 02 29 19 08 03 28 22 10 29 14 01 26 07 04 06 19 02 16 02 05 28 20 02 23 08 02 17 06 15 09 10 08 29 28 08 01 18 29 03 08 04 25 25 02 28 01 20 22 16 13 26 05 03 28 19 10 21 05 07 27 13 17 27 03 06 04 04 23 24 28 01 19 22 25 21 12 17 02 03 24 07 28 28 01 17 16 10 29 21 09 26 25 25 14 28 22 17 23 15 
10 12 07 20 03 23 02 14 10 04 16 03 02 06 23 02 22 08 03 13 20 11 30 07 27 13 26 19 29 10 25 30 21 01 19 23 15 21 29 24 16 14 19 09 11 11 10 25 10 04 07 30 15 06 28 11 10 23 21 08 24 15 29 14 07 09 28 22 21 26 07 28 02 25 06 12 27 15 06 07 19 04 28 25 01 25 27 10 09 18 09 02 24 07 07 01 08 04 14 28 
22 12 26 15 29 01 18 25 08 16 01 18 19 28 04 20 14 30 29 14 09 08 15 03 06 13 25 13 09 08 03 30 19 28 14 17 20 23 04 19 08 04 28 27 24 01 16 29 23 06 13 01 05 19 03 03 02 27 07 10 26 09 01 07 28 06 15 10 28 18 28 06 22 18 02 07 18 09 27 10 06 09 03 03 28 05 05 21 24 11 30 19 12 22 25 09 27 02 18 16 
19 08 21 02 25 14 08 12 14 27 14 20 05 16 22 24 12 18 14 05 28 05 16 09 26 02 10 22 03 27 08 22 26 20 23 20 04 23 24 09 19 29 28 15 14 11 09 17 20 22 22 18 27 29 18 14 30 27 06 25 16 05 16 03 24 30 23 19 14 08 28 24 06 17 09 11 20 09 27 09 22 10 18 18 30 06 02 30 24 29 16 01 25 01 26 10 22 18 21 06 
17 18 21 22 26 29 24 07 29 12 16 21 14 03 30 13 30 01 04 16 21 19 08 07 11 03 17 03 12 07 30 20 16 20 03 03 11 26 10 09 30 25 21 05 19 21 17 11 13 13 18 04 23 17 10 04 12 18 28 15 24 19 05 01 30 07 04 02 25 13 03 24 29 23 28 17 13 06 19 26 10 28 29 03 15 30 28 18 18 17 02 03 05 06 04 26 05 07 28 29 
11 30 14 09 22 11 17 05 08 28 30 18 25 20 20 09 11 09 18 20 25 20 23 21 25 18 16 29 16 13 19 26 04 02 26 26 04 12 22 12 09 13 29 04 02 10 04 04 18 22 24 04 11 16 24 27 25 09 18 10 14 06 05 17 30 30 04 03 03 17 14 12 29 12 07 22 13 02 26 22 23 19 25 25 26 18 14 20 27 01 29 02 28 25 10 27 16 06 30 18 
22 13 21 13 17 27 04 21 29 29 13 13 09 07 30 04 25 13 23 13 13 13 06 02 07 15 29 14 20 20 24 04 24 14 16 10 03 11 01 23 10 05 27 10 11 26 14 27 08 28 09 12 11 14 14 09 21 04 15 02 23 08 05 16 13 12 18 15 23 10 29 24 14 26 03 24 13 16 13 21 06 21 24 16 27 29 16 17 02 30 18 16 07 15 24 20 26 11 26 18 
12 17 11 25 04 14 10 16 21 22 28 26 05 22 03 01 20 19 09 14 18 26 29 17 10 22 28 28 24 23 15 05 09 26 21 12 01 23 28 13 06 17 09 10 08 03 02 20 21 02 03 01 20 01 09 21 15 06 18 08 28 03 05 29 20 17 10 12 09 29 24 07 08 24 08 15 27 10 04 09 11 06 01 30 29 09 13 13 14 30 12 04 02 08 02 13 25 03 24 25 
24 10 23 01 03 01 15 21 10 11 30 12 16 22 04 06 01 16 18 14 15 22 17 09 21 10 21 07 13 07 02 06 16 16 06 10 16 12 01 17 22 22 21 30 13 24 05 05 01 15 11 07 06 19 07 18 29 20 25 11 26 18 08 03 03 13 12 19 24 04 05 16 25 25 07 30 10 11 04 02 25 06 01 22 25 07 10 23 26 04 25 13 13 02 15 15 06 19 03 29 
22 30 06 09 16 12 08 26 15 03 19 01 09 19 23 03 26 24 17 13 19 11 26 01 04 02 15 09 20 10 29 04 01 27 12 16 30 19 03 14 13 22 07 21 10 21 23 05 14 01 10 24 11 05 24 06 28 30 06 10 01 05 13 01 23 24 17 14 04 19 20 16 02 26 29 12 16 13 08 29 14 17 14 24 13 29 22 11 28 27 20 21 23 02 21 15 17 29 29 20 
10 18 27 11 13 25 14 20 08 22 10 21 30 23 06 13 21 19 23 10 16 12 30 08 05 13 15 21 03 13 02 04 22 20 07 26 07 20 15 14 03 24 26 03 16 23 15 28 12 29 07 27 02 29 26 06 03 10 18 05 14 11 01 05 30 07 30 06 26 14 11 21 29 28 23 06 21 29 03 24 27 02 12 28 30 07 25 24 09 04 20 22 06 20 27 27 26 18 03 14 
24 05 04 22 03 18 28 15 16 22 30 04 23 11 23 14 17 09 07 17 12 27 09 17 16 05 13 04 14 07 17 07 04 12 21 28 29 10 04 06 01 03 09 16 13 01 29 21 09 28 08 12 24 16 20 01 12 24 04 17 01 12 24 26 23 14 23 21 15 18 26 15 20 26 30 02 26 21 14 04 18 13 15 11 20 26 03 23 20 07 10 12 18 03 07 11 08 21 23 22 
08 11 28 27 06 20 20 24 10 25 27 27 08 04 29 27 29 01 20 10 07 29 21 17 23 27 19 22 17 03 05 16 13 24 04 11 13 23 04 22 18 22 10 17 17 08 13 08 01 24 17 29 14 08 15 28 04 25 19 13 28 15 28 02 09 24 12 21 16 07 05 25 29 14 03 15 14 08 14 14 01 01 12 15 08 19 04 03 13 23 15 02 07 05 04 07 28 07 28 05 
14 02 22 04 15 24 10 20 01 24 03 24 24 07 30 01 17 03 03 29 25 10 23 24 06 26 30 25 24 19 29 07 20 20 10 27 06 12 16 06 05 11 29 28 09 28 20 25 23 14 15 17 23 07 02 20 24 24 14 18 12 13 16 02 24 18 20 29 29 27 27 03 07 17 30 15 07 11 01 29 24 16 07 09 22 09 28 08 24 12 25 05 16 10 28 09 27 17 30 17 
14 18 19 12 26 10 19 02 20 19 22 14 04 29 22 18 29 19 25 14 22 11 18 07 20 16 16 09 24 07 25 29 16 06 11 11 15 21 13 05 09 26 18 05 16 01 14 06 11 08 19 03 18 07 09 29 14 16 29 07 14 16 06 29 21 08 10 05 28 14 01 28 09 10 02 25 10 15 30 21 14 19 15 23 17 23 14 30 01 12 06 14 19 11 13 09 10 22 06 07 
05 06 27 05 08 20 29 17 27 21 29 10 09 13 03 25 28 08 16 28 19 21 03 08 24 15 08 03 28 05 02 24 03 20 29 10 09 19 26 05 09 17 15 09 21 09 25 18 16 10 07 26 23 10 25 16 16 25 10 14 29 03 29 01 22 27 10 01 08 28 27 16 14 11 17 26 11 03 14 18 13 12 06 27 21 22 12 29 16 13 12 07 16 02 07 29 29 09 29 28 
06 26 05 11 28 21 06 01 24 11 10 28 23 15 24 05 07 27 03 14 09 06 20 16 08 19 15 28 27 05 25 24 22 29 26 20 12 01 12 27 04 21 16 18 06 09 22 04 27 17 09 27 14 29 13 13 09 19 02 05 23 26 20 15 17 15 26 20 15 07 16 10 19 01 27 16 01 11 19 19 19 20 15 02 18 19 07 18 07 08 22 22 04 11 28 12 17 23 01 23 
21 08 03 09 08 29 25 30 01 05 18 19 24 24 21 03 13 27 20 11 26 03 02 21 05 29 02 21 21 24 14 03 01 16 12 30 06 28 29 07 02 08 25 18 02 07 20 14 25 02 24 21 04 18 11 09 16 05 21 29 28 04 23 21 11 04 20 09 23 19 07 17 18 23 26 19 30 15 24 16 08 10 28 04 27 01 12 04 27 24 02 16 28 25 06 30 20 26 08 05 
06 14 21 23 07 16 12 28 22 27 05 22 06 25 25 02 17 28 06 13 21 29 28 18 15 26 10 27 21 09 01 18 15 13 10 13 20 13 02 03 10 06 24 15 22 18 09 08 15 14 12 28 04 10 07 19 05 16 15 17 25 07 04 09 11 05 21 30 10 22 02 11 19 18 25 11 27 25 10 04 30 22 01 04 23 07 14 19 15 28 27 09 26 22 09 06 26 21 05 27 
04 28 07 14 07 24 16 04 18 26 29 18 09 29 13 01 27 26 11 11 15 07 11 10 28 11 15 15 01 11 04 26 30 10 10 29 25 25 24 13 12 22 22 20 12 26 12 08 21 22 11 05 20 13 14 09 24 20 24 16 22 19 12 13 28 13 03 23 07 26 27 19 09 10 30 20 05 12 20 25 03 22 21 23 04 26 01 27 07 16 05 20 04 16 24 24 28 27 08 26 
22 26 06 01 27 06 12 01 17 23 17 11 14 29 03 18 24 26 06 30 03 10 11 29 17 04 22 14 30 21 02 22 16 07 14 12 12 17 04 28 10 12 01 23 10 03 02 03 20 30 24 15 09 04 13 26 07 26 01 07 08 02 20 23 01 25 26 12 03 21 02 12 02 02 27 11 26 20 05 08 19 20 22 28 23 26 15 21 21 15 19 28 09 30 12 09 24 29 12 27 
11 13 30 12 06 26 14 24 16 18 01 04 07 14 23 21 01 07 11 13 14 22 02 22 21 13 30 07 03 03 25 13 08 24 16 13 12 29 28 19 08 20 14 06 03 29 18 03 05 20 15 18 11 16 01 24 20 22 30 14 25 24 18 02 09 03 06 12 23 04 22 22 23 06 19 18 26 28 12 30 18 19 10 20 26 10 13 16 24 04 21 18 27 09 19 28 03 24 01 18 
27 23 01 12 20 20 29 15 09 10 06 26 28 15 08 24 17 20 01 10 24 13 19 12 21 07 01 16 22 02 03 19 24 25 22 13 14 20 27 15 21 24 10 19 09 17 04 17 29 26 18 14 08 06 17 21 12 18 06 03 19 30 13 04 24 04 16 30 15 04 14 06 19 15 16 27 02 11 05 22 06 22 27 13 19 13 03 22 30 30 17 10 29 21 13 23 25 20 22 01 
15 27 06 04 11 13 22 04 23 19 25 28 02 21 03 21 26 27 12 25 27 20 27 17 11 01 09 05 21 22 27 27 18 03 22 21 15 14 24 30 02 11 27 03 23 21 15 18 18 19 05 06 08 01 22 18 01 23 14 13 06 11 02 16 13 23 06 19 28 29 18 29 09 07 24 02 19 30 11 06 18 15 03 26 15 25 13 08 17 19 12 14 29 13 29 03 06 04 13 03 
03 23 24 03 29 09 26 09 08 29 07 26 13 09 13 20 25 17 19 03 05 30 17 25 13 15 27 10 19 02 12 13 24 27 07 14 05 25 22 13 23 28 30 05 29 04 16 23 20 04 26 17 04 12 11 08 26 08 17 06 09 20 10 24 17 17 07 21 11 28 25 03 18 16 29 16 19 15 08 09 18 25 25 13 06 27 20 24 26 28 21 26 18 01 19 26 17 25 08 19 
15 25 13 02 10 11 09 29 25 08 29 05 03 15 09 30 11 29 15 07 18 06 02 27 28 21 22 06 07 30 24 21 24 06 14 03 08 14 23 25 22 13 29 24 27 07 15 30 27 30 28 07 27 29 03 24 11 25 21 18 24 06 30 09 11 06 03 10 19 26 04 02 30 24 17 19 23 02 18 19 23 15 17 19 05 20 04 16 14 24 25 29 29 16 07 01 21 01 02 02 
18 06 25 18 29 12 06 21 05 15 02 27 29 10 15 03 29 10 10 12 03 04 02 23 12 30 15 24 01 16 25 18 21 12 05 12 23 02 24 27 16 17 23 06 27 29 09 25 08 10 29 02 06 22 24 17 22 30 10 14 15 27 01 06 08 28 09 22 29 24 18 07 11 02 12 29 22 12 15 29 22 13 22 27 27 07 13 10 06 22 23 20 18 15 17 17 12 25 08 03 
19 17 01 21 18 12 19 09 24 03 29 07 08 20 03 04 26 07 13 01 20 27 13 30 11 29 16 23 16 24 17 26 10 17 16 20 20 26 20 05 28 19 11 27 30 05 22 18 03 26 10 23 22 22 22 03 21 29 17 28 14 25 23 16 03 30 05 22 25 16 27 14 26 29 11 26 04 24 13 06 20 22 20 11 06 03 05 18 02 13 15 07 29 29 22 01 28 18 23 14 
04 11 27 29 09 29 16 04 23 20 02 12 04 21 14 09 16 11 18 09 15 02 15 14 30 07 14 19 16 28 02 11 30 20 02 09 19 17 04 03 29 05 06 02 18 19 02 25 21 19 03 06 12 17 19 03 15 24 21 23 14 14 03 13 03 04 13 13 13 17 07 11 13 12 04 22 23 27 16 13 07 18 18 18 27 28 12 03 14 02 25 27 07 28 09 01 23 22 14 27 
30 20 29 12 24 02 04 16 20 19 28 18 29 08 05 25 27 08 27 10 01 14 28 07 03 29 08 25 12 13 22 11 24 20 14 17 14 17 24 25 28 22 13 26 21 09 12 17 17 30 19 17 13 08 24 15 06 23 02 17 27 15 19 20 26 03 29 09 11 22 26 08 05 08 25 25 16 28 04 02 28 14 11 02 21 04 09 19 18 10 27 14 16 08 25 11 10 23 20 12 
07 07 12 03 14 06 28 21 26 23 15 15 28 25 16 10 20 16 28 07 17 17 12 02 24 06 13 25 21 24 06 19 30 17 21 05 15 10 25 10 02 01 24 21 25 01 01 06 09 20 12 25 06 15 19 21 13 23 15 03 16 21 13 07 07 03 03 21 13 19 22 06 20 15 27 14 08 19 20 16 30 23 02 06 08 20 18 12 12 03 06 19 23 18 17 21 20 19 04 24 
08 25 30 27 02 18 10 01 06 21 16 05 06 09 02 05 29 20 16 10 14 21 21 06 08 07 18 19 26 13 13 03 08 04 21 01 21 22 23 18 13 30 14 18 08 08 14 06 19 29 08 02 19 28 29 18 26 16 06 21 29 10 15 28 13 05 20 25 19 12 12 23 11 18 10 18 25 15 16 13 13 15 06 23 12 04 10 07 11 07 20 09 09 04 28 21 01 09 16 19 
20 19 11 22 06 12 10 22 26 17 26 30 01 01 22 04 04 23 10 15 29 21 15 07 17 05 20 09 13 27 19 03 15 29 24 13 02 25 26 19 11 22 10 11 22 01 14 18 23 16 02 13 28 08 12 14 12 01 22 25 27 10 27 03 30 12 07 23 07 03 03 09 24 12 12 07 04 25 24 26 02 17 01 30 25 12 05 28 04 27 22 30 28 10 24 28 22 01 20 20 
25 15 28 10 26 09 16 30 26 02 17 19 10 17 18 04 20 15 02 23 11 15 14 08 25 08 27 08 30 09 27 24 23 16 03 10 25 10 09 12 11 18 30 21 26 10 16 16 24 09 30 26 24 14 03 10 13 22 17 12 30 05 05 22 20 29 23 06 08 02 17 19 11 17 01 06 18 08 13 11 17 13 06 02 18 30 03 30 21 11 11 20 15 07 03 26 05 26 02 12 
19 10 22 21 18 14 26 05 22 01 15 30 05 12 23 22 12 25 21 24 05 01 14 11 29 08 06 03 25 07 06 05 09 20 25 26 03 13 01 16 13 07 15 17 19 07 30 22 01 20 15 27 12 20 07 10 20 05 04 14 11 09 19 19 20 13 15 23 25 07 30 29 13 15 07 23 13 06 14 06 17 29 02 28 10 01 29 29 05 02 05 07 03 23 18 22 27 24 06 14 
30 06 12 12 12 11 27 24 08 10 29 25 30 23 14 10 23 13 30 27 06 04 03 30 18 12 14 15 05 19 28 04 16 01 08 27 11 04 13 19 05 11 13 05 25 26 06 17 30 27 05 06 01 30 05 18 11 18 24 16 29 21 11 06 22 18 25 24 13 07 12 18 09 16 14 04 12 19 12 03 07 17 08 29 16 05 17 18 14 02 03 12 23 14 18 06 23 04 29 06 
10 11 15 10 26 28 05 29 08 17 02 14 03 01 13 10 27 21 27 11 22 22 22 06 05 01 11 19 26 10 24 05 20 30 07 07 27 11 28 04 27 21 10 21 21 22 22 18 04 19 20 25 02 11 01 28 04 03 16 21 12 02 26 23 01 24 22 20 04 19 23 01 09 24 13 21 07 05 30 10 15 19 27 16 22 19 13 17 21 28 07 25 29 24 17 22 17 08 11 21 
18 25 13 18 19 25 01 17 29 30 27 13 11 15 20 02 25 02 10 07 30 16 01 20 02 18 11 18 17 13 30 27 08 12 14 18 29 14 04 19 14 22 24 24 28 13 17 22 15 26 29 06 03 29 25 04 08 28 22 17 10 21 13 09 25 26 18 23 02 22 03 15 05 26 30 03 09 08 16 15 25 14 20 27 05 14 23 04 03 14 20 05 26 02 05 12 20 23 26 21 
06 29 27 10 16 18 12 24 25 28 08 11 03 19 07 07 03 29 03 27 04 22 23 22 16 28 25 05 20 21 17 17 11 05 26 26 22 30 20 08 19 19 18 21 08 16 20 02 07 22 20 02 05 13 23 20 10 18 16 21 30 24 07 10 28 24 05 19 23 16 18 11 27 27 02 04 13 13 27 11 04 16 12 08 28 27 20 29 06 05 11 05 21 09 06 18 03 10 29 25 
18 16 28 14 13 21 09 17 03 05 19 28 12 30 05 02 26 16 30 23 13 03 27 03 11 02 20 05 04 18 30 21 26 19 26 30 09 04 08 11 08 26 08 11 25 04 12 13 12 12 05 24 06 24 26 16 17 07 13 20 17 04 02 12 22 27 03 30 22 10 02 21 05 09 02 21 04 13 25 15 16 30 08 21 15 25 29 01 24 11 13 10 14 14 13 27 03 15 26 24 
16 27 07 12 27 08 02 30 20 27 07 28 18 06 10 02 01 08 02 16 10 14 25 15 20 29 11 14 13 28 07 20 16 13 01 12 12 24 04 24 20 10 21 29 15 30 30 07 30 24 22 01 29 08 08 18 06 10 23 10 30 30 29 15 04 21 27 08 15 22 01 04 01 13 25 07 04 24 06 03 09 19 26 08 19 25 17 24 04 10 26 25 01 24 10 26 15 28 03 21 
19 25 24 11 07 18 09 11 04 14 05 12 25 22 11 13 16 20 28 12 21 23 06 13 09 15 08 15 12 03 05 22 19 20 24 26 30 03 28 03 08 02 06 02 24 09 06 01 20 04 12 10 18 18 14 26 24 13 02 06 15 06 19 26 18 13 21 17 15 10 11 14 03 08 16 26 16 13 19 27 16 30 06 26 17 19 13 11 24 15 08 08 12 18 25 21 30 07 07 06 
16 09 20 19 17 27 06 24 09 24 21 17 24 18 04 02 29 16 04 22 30 03 21 04 21 16 24 12 22 23 10 08 01 21 18 17 17 23 03 17 09 23 25 24 10 28 25 30 14 21 21 05 23 12 30 05 19 16 09 10 08 18 09 08 08 26 17 16 11 19 24 19 11 19 12 12 08 28 04 13 18 24 10 03 27 09 29 15 24 07 17 23 16 25 01 23 13 09 30 23 
27 24 11 29 04 22 02 03 19 05 16 29 21 17 23 17 25 21 24 11 28 10 03 13 26 25 28 08 03 19 30 21 04 02 19 07 15 21 02 26 17 17 24 07 25 16 24 11 06 09 21 25 10 16 30 05 02 27 13 27 15 04 17 11 06 28 17 12 10 10 07 26 26 30 03 12 07 18 23 05 18 05 29 27 12 20 01 14 16 05 02 23 09 18 03 06 07 11 09 16 
21 16 12 08 07 06 20 14 15 04 10 02 08 30 28 20 20 28 25 27 03 26 19 03 05 13 30 12 16 08 19 28 15 22 05 22 27 16 27 03 19 06 04 19 05 01 08 24 21 24 21 15 19 01 09 15 14 30 18 21 29 07 18 14 20 14 05 17 22 01 11 02 06 15 20 02 07 27 26 27 20 08 03 30 08 11 07 13 10 24 03 09 22 12 14 12 26 18 20 17 
10 30 18 07 06 30 08 13 26 25 01 08 02 04 29 10 14 05 14 16 29 17 16 12 20 29 23 15 08 04 23 17 04 03 15 09 02 22 13 19 09 14 18 10 17 17 11 22 21 25 07 11 11 14 23 22 04 07 07 11 11 21 19 14 23 03 14 16 17 27 05 25 10 22 04 18 30 07 09 13 01 08 23 03 21 07 24 25 14 22 05 24 13 16 29 27 18 04 13 26 
22 09 20 01 22 16 10 14 22 19 26 14 26 18 16 16 25 09 02 30 01 29 15 05 14 05 01 23 08 05 19 30 05 30 22 27 15 02 10 28 12 05 03 07 14 18 14 30 19 16 29 11 14 05 15 19 09 15 11 09 12 29 08 16 29 21 12 05 14 13 25 25 09 27 23 15 07 29 14 25 14 05 05 19 09 19 07 10 25 17 18 06 08 17 22 28 07 25 02 13 
08 26 29 08 15 22 22 21 12 06 15 25 02 11 05 02 29 03 11 15 11 28 21 18 14 04 15 13 28 09 17 27 26 15 05 10 28 26 22 09 23 28 25 24 08 29 26 28 23 06 13 04 26 25 13 01 28 20 13 17 20 29 14 07 06 18 09 03 05 30 12 28 28 06 13 27 27 08 17 11 06 21 06 23 15 11 23 04 22 28 12 11 26 25 17 01 04 25 26 09 
17 07 28 06 04 10 02 22 10 18 25 07 30 30 29 14 10 21 09 23 18 21 25 06 07 12 28 11 28 23 11 14 21 08 11 17 09 13 30 18 22 24 16 22 24 14 27 25 27 28 10 06 18 04 03 16 15 23 26 05 15 06 10 28 05 21 14 14 25 13 23 16 07 01 29 22 06 26 08 02 23 17 30 02 21 24 17 27 16 05 01 01 02 03 28 29 23 03 04 17 
15 26 24 13 18 23 04 24 10 12 17 24 20 16 17 10 02 25 07 17 29 29 09 23 23 28 21 15 30 24 23 15 11 17 27 29 01 23 22 02 04 08 25 23 16 11 25 17 05 23 25 26 13 04 18 06 01 08 12 23 01 05 29 03 13 25 01 05 09 22 06 04 22 30 19 29 02 13 07 28 27 01 15 09 26 02 06 19 01 18 11 23 14 09 26 26 25 26 22 04 
10 27 07 23 18 17 13 11 29 19 30 25 11 15 26 07 08 01 25 01 18 27 23 01 05 10 18 21 28 01 16 29 27 15 21 06 01 25 16 30 13 16 16 23 22 03 21 29 04 07 29 13 03 14 06 29 23 15 20 20 16 05 10 04 19 30 10 12 24 17 11 28 02 18 13 15 21 03 06 16 02 26 28 04 09 25 25 24 10 14 05 25 10 15 28 21 06 29 02 22 
16 04 19 09 13 23 24 03 18 29 10 19 24 30 14 25 24 08 18 03 13 22 19 23 28 09 05 04 07 06 25 22 01 05 01 13 28 16 08 15 14 17 03 29 16 16 23 10 16 10 04 28 24 15 20 21 23 16 24 29 21 18 13 21 15 13 26 12 20 03 26 03 19 20 01 27 27 24 28 12 25 23 10 18 07 21 09 29 07 24 20 19 04 02 02 18 06 27 29 25 
21 16 19 09 27 11 27 23 04 24 27 21 17 06 08 15 18 08 06 16 02 25 05 27 18 28 14 23 16 04 09 06 11 19 06 07 29 03 21 03 18 17 15 26 14 22 11 02 22 16 09 15 02 05 11 19 02 24 03 17 19 11 14 29 21 20 05 19 22 25 13 01 04 27 27 17 11 29 10 02 14 19 16 15 23 18 25 17 11 27 25 29 29 09 27 19 28 23 07 11 
09 20 11 12 16 29 29 26 27 30 19 10 18 04 16 03 21 10 11 23 28 05 13 26 05 01 14 24 15 13 26 24 02 07 05 09 05 25 05 24 25 15 25 04 19 11 28 01 12 08 16 10 05 20 05 09 21 11 03 05 23 28 20 16 26 25 24 23 19 20 16 05 05 02 09 15 12 06 07 16 06 22 25 10 04 21 10 24 23 04 20 07 24 02 22 11 26 08 25 06 
27 02 11 23 04 11 07 15 08 14 30 05 27 16 14 30 29 16 15 21 19 27 28 04 28 19 15 15 26 09 12 15 11 14 07 06 24 14 20 24 19 12 28 07 19 04 07 17 19 13 08 29 01 27 03 28 15 09 04 03 09 16 17 11 29 15 16 15 20 06 08 08 09 05 15 27 30 13 06 18 17 05 17 18 01 11 07 15 19 11 09 19 18 17 30 16 02 15 30 13 
12 29 13 20 26 19 09 25 01 06 05 09 10 21 26 10 23 03 16 03 05 25 21 22 03 20 29 26 05 21 09 16 19 21 28 06 09 28 01 01 03 05 09 12 17 27 21 01 21 28 03 25 14 15 16 17 05 06 12 01 26 12 08 07 02 05 12 02 24 04 24 26 08 03 29 16 21 11 08 11 09 10 05 22 25 12 08 21 17 12 13 05 23 20 11 17 17 22 18 10 
26 04 06 25 06 26 03 26 07 10 28 15 12 02 06 28 05 06 18 13 17 30 17 01 11 27 17 27 11 27 29 28 30 04 22 27 21 16 14 27 26 11 11 07 04 09 04 30 14 13 12 22 04 21 22 14 09 09 11 19 27 09 16 26 04 30 14 24 15 27 13 02 29 23 08 02 01 03 01 14 15 04 05 18 16 19 24 25 27 26 05 15 26 13 10 29 04 15 14 18 
11 26 20 09 11 19 02 11 22 24 17 28 19 13 08 05 01 01 21 19 26 25 03 21 29 04 11 02 18 16 20 20 04 01 20 06 11 21 08 24 06 24 22 25 29 21 21 21 21 11 02 08 05 26 20 26 22 30 27 09 07 08 21 10 08 10 15 11 23 23 04 20 08 17 14 28 07 04 11 19 06 12 18 03 07 07 28 28 28 24 29 05 02 11 06 01 20 13 11 04 
27 15 24 26 23 29 24 22 25 04 10 30 07 20 02 05 26 29 03 24 15 23 20 16 03 25 08 14 07 19 18 03 25 03 21 09 23 14 30 17 09 02 09 07 21 10 11 16 01 13 01 07 27 20 22 29 15 21 13 13 09 22 08 25 16 28 04 08 03 25 17 03 26 25 09 16 26 19 24 18 24 24 24 20 14 07 19 20 28 23 02 28 06 01 23 21 28 18 20 30 
12 06 24 30 30 02 15 18 21 08 05 14 24 29 25 29 05 05 18 02 27 11 30 02 12 14 14 01 23 04 23 04 09 16 03 01 18 10 18 30 09 14 05 02 04 21 22 09 26 09 02 14 12 23 08 15 28 21 07 20 24 29 24 25 07 18 17 16 19 26 07 28 09 11 21 13 01 13 13 18 13 06 02 24 29 09 30 18 29 07 08 15 27 23 01 25 02 09 10 21 
04 08 18 04 10 08 08 03 20 20 20 03 18 21 18 16 21 10 25 12 08 02 26 04 24 18 21 26 26 22 16 21 30 25 24 09 02 02 11 14 13 23 08 30 05 25 07 26 26 02 07 03 03 24 29 19 03 19 06 28 10 13 10 01 07 03 10 08 26 12 13 01 26 20 30 01 07 29 26 02 22 02 05 16 17 03 04 19 13 01 08 22 13 17 15 19 11 24 19 29 
27 01 29 23 13 20 23 19 18 10 12 01 03 16 17 19 10 20 07 22 21 06 06 25 22 20 06 24 05 24 22 23 16 12 15 28 02 29 08 11 08 20 12 02 27 28 20 07 09 18 20 21 23 25 08 06 06 13 30 02 06 13 25 13 25 09 03 18 30 10 20 29 21 23 01 18 12 12 16 21 22 27 03 06 14 10 12 19 22 03 21 19 07 15 02 01 15 04 10 06 
05 30 05 18 14 27 27 26 30 04 08 21 30 10 27 13 12 30 24 03 02 06 14 08 12 15 01 26 10 02 24 06 23 20 23 07 16 11 02 15 14 01 28 14 10 24 26 13 23 11 08 16 16 21 15 27 27 15 15 06 17 08 11 01 27 26 07 04 06 30 10 20 30 07 25 02 22 12 14 14 23 21 21 30 03 06 27 29 20 03 04 28 10 07 29 28 24 27 01 21 
27 02 10 18 09 26 19 22 08 25 28 30 07 18 29 10 23 17 08 05 19 04 24 20 02 14 09 25 11 01 07 29 03 09 16 03 04 27 24 11 21 21 02 27 09 23 06 23 01 06 19 20 09 13 01 02 26 10 18 28 10 24 18 12 02 04 14 06 30 30 08 12 20 10 08 20 24 06 05 24 11 23 13 11 05 06 04 23 15 21 12 24 14 30 28 16 25 03 13 24 
02 20 05 14 29 04 25 22 09 29 16 11 14 20 13 10 25 16 02 01 06 06 25 20 27 14 27 21 16 09 14 10 28 10 23 19 05 09 02 06 30 09 16 13 29 21 22 15 06 16 08 04 21 24 23 17 07 11 07 14 19 12 23 08 13 07 18 17 16 20 22 15 28 30 27 18 20 18 25 25 25 02 28 15 25 12 23 01 22 29 06 02 02 29 02 14 05 19 01 12 
30 14 18 20 13 06 29 02 16 23 19 10 16 08 17 02 20 09 02 03 08 30 27 01 28 20 15 24 30 07 28 30 12 15 11 25 13 09 18 28 24 28 29 09 06 15 11 25 24 04 19 23 03 07 23 22 26 29 16 26 27 05 17 09 11 27 25 23 27 12 12 20 10 11 21 07 17 01 23 10 26 11 24 21 18 09 12 05 07 19 30 26 23 16 04 04 04 28 18 01 
01 30 20 02 02 10 08 18 02 30 20 20 03 13 10 12 13 13 16 12 02 16 07 16 23 02 19 27 21 29 19 21 28 08 15 21 10 14 08 03 14 19 22 08 02 01 19 06 14 04 17 07 19 23 22 04 24 03 22 14 01 10 27 20 17 03 10 18 16 09 21 21 28 12 28 21 05 16 26 10 20 13 16 30 27 29 03 13 01 16 18 23 25 06 12 04 08 13 21 24 
22 03 06 19 07 04 09 03 19 04 12 30 08 19 22 27 17 16 01 18 02 18 10 26 16 14 29 23 26 12 08 17 14 14 05 12 09 05 14 27 01 25 19 30 13 10 26 22 25 26 09 26 06 10 14 13 23 12 05 11 15 05 27 29 10 24 10 18 20 16 06 20 10 24 20 15 03 07 06 20 25 06 07 22 15 20 04 30 24 30 10 08 04 28 06 05 13 08 22 03 
15 28 22 24 13 03 30 16 02 27 27 18 02 03 09 09 23 04 30 16 03 01 23 29 28 21 03 11 20 17 13 04 06 26 19 18 21 11 25 14 07 21 01 01 24 09 01 08 04 30 15 06 22 29 26 19 19 29 21 30 07 25 25 12 13 14 29 25 24 24 08 22 14 08 22 29 08 14 06 11 05 12 08 26 11 04 07 29 02 27 21 30 14 15 11 26 20 09 12 05 
24 19 27 30 26 10 28 25 24 26 05 28 07 12 16 09 15 22 30 08 10 20 29 23 26 09 10 16 10 21 20 03 01 16 02 26 18 22 20 03 09 16 22 07 20 07 16 26 28 15 04 30 26 02 14 21 03 16 06 12 06 26 06 29 03 30 24 12 13 06 14 21 13 06 19 02 12 26 28 02 10 23 23 05 16 06 18 18 21 23 21 19 10 19 17 13 18 02 16 30 
29 30 12 12 05 22 05 08 18 02 01 27 16 23 24 02 21 11 11 11 25 24 29 05 12 07 09 21 09 24 12 29 23 23 10 19 14 15 19 01 08 11 20 24 26 05 17 16 07 19 26 01 12 17 05 15 15 05 05 23 29 16 14 13 30 23 24 06 29 12 28 29 14 17 14 09 13 30 24 19 10 12 20 14 28 16 28 12 21 25 27 11 02 10 23 02 24 08 29 15 
19 26 13 25 05 18 03 17 17 27 06 18 08 25 01 27 10 21 08 22 15 26 02 16 27 17 09 13 24 29 27 05 25 01 29 29 18 01 15 26 27 20 13 26 06 14 22 08 04 22 29 10 17 23 17 06 09 18 18 24 16 06 28 10 06 18 30 15 19 15 10 07 26 22 03 24 27 24 01 22 07 21 01 24 13 10 21 13 27 08 07 12 13 26 14 10 14 05 24 02 
19 03 30 07 16 24 22 05 10 14 26 16 04 19 01 09 28 21 21 16 28 19 19 02 15 02 11 28 07 04 21 17 28 12 15 14 06 06 10 15 19 27 30 15 15 01 23 04 13 05 19 11 24 08 12 30 01 15 27 29 18 09 08 16 20 14 21 17 20 22 01 30 18 23 06 03 15 20 28 27 17 17 29 10 16 03 01 08 17 19 29 04 27 06 11 08 19 23 25 30 
14 17 22 24 09 19 26 15 09 15 04 25 23 02 26 08 04 26 08 20 14 06 16 02 03 18 09 21 11 03 13 16 20 04 09 20 14 26 27 22 11 30 08 03 01 03 03 05 20 10 16 03 07 01 26 09 19 05 21 21 29 03 28 10 28 07 22 12 24 18 03 04 17 11 29 09 05 23 05 25 02 21 19 30 13 07 08 23 03 28 13 01 01 11 03 20 09 16 01 24 
25 26 20 11 28 18 11 24 10 16 18 03 06 29 02 10 05 01 03 07 28 07 29 20 09 23 10 17 08 02 03 24 19 22 04 16 09 15 10 10 22 19 04 19 09 27 28 13 27 30 11 16 29 02 06 07 24 07 16 24 08 18 17 19 09 13 04 09 19 05 10 10 16 13 28 24 09 17 29 27 17 01 12 07 02 17 13 18 15 28 11 15 15 19 03 15 23 28 23 11 
25 02 12 02 06 01 17 06 18 15 02 26 08 14 02 09 22 14 26 07 12 28 13 18 17 15 03 09 04 17 12 28 19 23 21 24 24 08 22 03 22 23 28 29 06 29 30 20 12 17 18 15 15 30 03 23 06 27 23 09 13 04 29 01 19 19 17 04 26 08 06 10 22 03 30 28 01 21 17 04 08 26 19 22 25 13 06 30 09 28 30 21 24 20 14 04 01 22 07 18 
29 04 27 12 06 19 09 28 09 17 23 08 12 11 29 28 23 26 19 01 24 19 14 17 30 27 20 30 18 18 18 08 21 06 19 18 16 20 07 25 28 29 24 02 02 15 29 16 10 18 17 03 28 22 11 27 18 22 27 27 09 06 04 21 11 14 30 27 03 28 13 23 27 06 24 20 20 22 05 30 01 21 24 28 04 05 25 21 18 13 09 19 18 04 09 20 18 01 16 12 
28 20 04 16 18 19 05 29 11 10 20 03 22 14 01 26 10 17 08 27 29 17 15 16 20 16 05 29 16 13 03 05 24 06 21 11 17 25 10 19 26 29 21 18 04 21 13 13 07 12 02 27 28 16 12 10 23 09 08 30 13 02 05 06 08 17 09 16 11 18 04 29 08 24 16 04 07 20 16 05 23 17 02 21 25 05 22 17 05 21 09 17 23 13 15 22 29 23 07 01 
02 02 29 01 25 06 04 23 17 12 28 10 20 29 22 14 25 13 23 30 25 01 08 17 05 22 30 03 06 28 25 29 29 16 30 24 21 25 08 30 06 05 09 26 25 30 01 20 04 23 11 28 15 10 15 19 02 06 13 29 04 08 28 02 15 19 17 05 13 25 04 11 21 04 06 16 03 06 27 06 21 29 04 05 08 10 16 01 07 28 22 10 27 11 12 11 29 20 08 03 
06 03 13 27 07 10 04 01 16 22 07 28 20 02 02 19 03 09 12 09 07 03 19 03 13 22 06 03 03 05 27 09 07 02 05 05 11 08 06 18 21 04 15 02 27 09 20 29 17 23 29 15 25 17 10 29 30 15 23 03 19 12 11 17 13 07 22 15 06 19 03 26 22 09 27 18 09 08 08 18 01 06 02 17 15 03 08 06 09 30 08 19 11 10 06 15 16 19 30 13 
07 24 08 20 02 26 29 03 04 06 20 26 03 13 04 17 08 11 23 16 03 22 05 05 24 02 20 01 12 11 14 18 04 13 29 05 09 27 29 04 24 10 29 26 23 02 05 30 05 19 07 07 10 03 11 03 04 22 04 15 02 09 24 05 21 22 02 29 10 22 02 25 02 22 21 24 16 17 15 20 05 13 18 06 16 20 09 11 04 04 18 05 04 11 02 24 25 25 15 26 
16 08 21 17 30 03 02 07 19 08 18 15 21 27 20 06 16 20 08 19 15 25 16 18 28 17 12 14 11 26 09 18 03 21 05 24 23 06 30 03 14 09 17 26 05 07 23 21 18 30 01 03 25 16 20 14 24 23 27 26 10 05 14 13 26 18 28 10 15 20 13 20 28 21 15 03 19 07 15 07 29 07 01 15 23 12 28 08 05 24 04 14 20 17 18 07 26 16 09 10 
05 21 30 24 03 06 26 22 13 02 20 03 09 20 17 23 01 14 30 27 29 03 03 18 11 20 17 28 27 25 08 23 07 29 17 09 26 12 22 30 06 11 02 14 30 18 28 23 01 27 11 29 22 13 09 24 25 25 22 21 11 21 14 17 11 30 25 06 03 17 06 30 19 07 13 11 17 02 03 17 29 13 08 12 18 08 05 12 02 26 02 04 16 07 20 26 28 06 02 01 
14 29 30 03 27 05 13 13 06 07 22 26 11 29 07 28 06 12 09 29 29 03 24 15 09 13 02 29 10 03 21 24 23 12 18 20 08 22 24 14 28 15 01 08 05 30 06 02 11 06 22 09 30 15 15 01 27 17 29 29 11 19 22 04 30 01 15 08 22 08 13 19 15 05 18 19 04 15 13 06 21 04 07 20 19 21 20 07 07 10 05 10 28 18 13 20 18 19 27 09 
18 01 19 24 05 07 05 09 21 17 14 03 20 20 15 30 03 26 29 09 06 03 10 25 13 14 14 30 02 02 01 12 02 11 05 07 17 09 07 30 25 12 24 07 02 08 06 26 04 04 26 01 29 06 25 11 19 09 02 13 10 24 24 04 05 20 02 13 29 08 12 15 19 06 21 12 05 19 07 30 14 25 30 12 30 25 14 18 25 08 30 26 23 15 21 27 05 22 02 03 
21 13 09 10 10 30 13 15 10 12 14 23 06 06 27 05 22 02 14 08 01 06 03 24 20 16 12 24 07 13 18 28 18 19 29 27 10 11 03 19 14 09 03 19 14 21 15 27 23 29 04 15 26 06 30 15 21 12 01 20 16 10 17 25 28 15 22 07 17 16 17 01 16 20 11 21 02 18 17 24 16 20 01 11 18 30 17 08 03 09 19 19 19 05 13 08 11 26 07 20 
04 15 12 19 26 14 10 28 01 26 13 08 08 13 10 25 05 27 24 07 27 13 17 15 09 30 15 12 17 13 01 12 27 04 01 15 17 02 12 18 19 24 25 26 29 05 20 03 23 14 09 19 18 26 26 26 17 02 29 25 14 21 07 02 24 29 16 03 30 27 20 10 13 06 06 03 02 17 05 24 30 05 05 09 22 30 05 30 01 03 17 06 24 23 07 09 21 23 11 12 
11 22 21 15 20 26 17 21 13 13 07 04 10 11 13 23 10 09 15 02 03 01 07 18 23 13 19 05 27 29 16 08 13 28 14 02 24 01 22 28 05 28 23 14 08 27 29 09 27 13 10 30 13 08 09 27 13 27 01 09 18 08 08 30 05 22 01 20 14 14 09 18 04 02 24 03 28 22 12 25 26 13 16 08 13 24 26 25 13 18 03 30 25 11 21 21 24 13 11 07 
18 19 16 21 12 09 24 10 22 27 26 17 01 03 16 13 18 11 07 30 28 02 21 14 04 03 27 27 15 07 25 25 17 10 15 29 11 30 30 02 18 17 11 19 11 26 23 28 29 22 20 18 23 10 24 18 05 20 06 11 26 30 05 04 01 20 24 11 11 15 05 29 01 15 17 11 02 01 01 22 22 20 10 06 21 03 15 25 22 20 06 09 11 10 04 12 21 28 14 02 
12 18 30 05 24 08 07 18 08 07 09 22 18 10 27 09 12 04 25 25 23 22 03 04 02 29 07 14 26 20 15 29 30 06 03 15 13 02 24 13 30 03 04 18 12 22 18 16 25 04 10 10 26 05 05 19 03 11 02 20 22 09 18 13 14 13 20 19 06 13 23 05 15 26 14 19 09 23 26 26 27 05 05 22 01 09 10 25 11 03 06 02 03 24 07 17 28 26 27 03 
08 19 29 15 06 05 25 14 27 20 01 23 16 27 06 17 27 15 03 07 10 09 01 12 24 07 20 21 24 08 15 01 26 13 07 23 17 01 29 06 20 29 28 06 26 04 22 22 10 16 21 11 24 21 23 17 19 04 29 12 12 13 04 07 18 11 22 26 11 20 01 01 18 21 06 05 24 19 19 25 04 09 06 20 29 28 28 09 01 27 20 04 01 15 11 10 25 02 06 06 
13 28 28 30 18 25 27 03 13 15 28 08 23 03 19 13 22 17 21 14 05 02 18 05 16 20 07 03 13 12 30 25 01 27 16 19 21 04 21 25 18 10 24 10 04 05 14 25 21 26 01 17 27 10 21 05 21 27 07 03 30 28 19 01 24 26 11 06 30 23 22 09 03 07 19 06 11 24 23 23 20 23 09 08 24 22 12 14 10 10 08 10 07 26 02 22 13 04 27 04 
26 10 13 28 17 23 26 27 16 18 20 27 02 28 05 25 19 16 08 21 18 15 22 24 02 23 08 14 26 04 10 13 14 22 11 22 14 06 18 21 15 29 18 16 19 22 10 07 29 17 19 16 01 10 02 24 02 09 07 19 04 08 02 09 29 04 30 04 01 10 25 15 08 04 30 26 17 09 25 15 17 13 23 09 15 16 02 08 16 30 27 19 08 20 20 06 15 11 02 15 
20 26 29 20 21 28 07 07 28 23 21 14 28 05 22 12 20 23 19 05 22 07 16 21 18 27 27 02 29 28 16 19 15 06 30 05 25 28 11 22 21 23 05 18 28 18 29 09 02 17 06 24 16 13 14 03 09 02 05 07 21 12 17 05 18 08 01 12 06 03 04 18 26 30 05 15 18 25 15 19 03 20 04 18 02 10 21 02 03 25 01 24 06 09 20 15 09 21 27 14 
23 22 01 10 21 27 16 30 21 01 11 23 20 06 11 14 07 23 07 10 17 07 25 14 08 14 21 16 26 17 21 19 08 13 20 20 09 06 12 21 06 14 13 17 11 15 22 18 07 29 19 15 27 13 21 04 26 11 11 22 19 23 02 18 05 13 29 05 10 10 17 07 15 22 24 26 06 07 05 05 05 23 11 02 27 01 27 14 03 30 05 21 22 28 08 19 03 07 15 12 
08 02 19 15 23 04 02 20 10 06 24 07 20 27 08 16 19 26 29 22 25 26 04 09 15 04 27 17 02 11 21 09 04 09 15 26 04 16 16 05 21 01 11 02 27 10 09 16 06 08 29 22 25 02 30 01 27 18 10 28 29 30 29 24 30 13 20 03 29 27 29 19 19 10 13 16 19 21 23 16 20 13 08 14 14 07 07 11 25 16 30 15 15 28 08 14 11 19 08 09 