100 100 30
28 24 11 01 11 26 06 15 29 17 21 22 01 12 26 30 01 06 01 02 11 01 08 08 17 21 27 20 14 27 15 03 20 25 03 30 12 09 06 10 17 27 02 09 30 19 30 22 24 30 24 26 22 23 03 08 06 21 28 19 17 12 13 29 29 16 20 10 16 26 20 24 14 13 25 13 23 24 26 16 24 11 11 15 26 05 15 01 25 12 11 12 15 23 02 13 30 21 23 15 
16 04 01 29 08 25 03 30 18 29 07 03 09 17 10 04 13 24 26 07 27 06 10 11 29 11 24 28 02 08 05 09 03 27 08 10 13 02 01 22 30 07 25 01 15 26 26 27 11 22 03 07 19 05 17 09 15 02 29 08 01 03 17 03 21 16 04 03 17 26 24 09 02 10 09 16 05 26 04 15 17 07 13 28 03 22 06 17 23 04 17 16 28 03 10 18 18 06 12 26 
01 06 04 03 07 04 10 12 30 14 18 08 12 23 05 14 14 03 22 28 06 08 13 26 02 15 13 11 20 17 07 20 22 02 14 20 06 16 23 27 21 11 04 02 25 01 07 08 03 20 05 30 20 10 25 13 24 30 24 13 16 22 24 29 15 08 18 12 15 11 08 05 13 04 28 07 04 26 14 28 15 10 27 26 11 14 09 04 13 24 08 28 07 24 26 21 01 05 03 15 
15 02 11 19 05 08 25 30 03 30 19 09 02 08 05 12 21 05 08 03 28 07 30 26 30 17 16 22 21 10 28 28 04 08 16 30 15 03 22 17 24 10 26 25 17 22 29 07 18 28 01 07 04 30 02 26 08 09 17 21 19 15 10 22 22 17 13 29 19 04 07 13 14 02 29 22 15 27 21 02 24 21 08 20 13 09 15 20 18 01 02 28 07 11 11 21 28 23 19 08 
27 25 12 02 19 11 23 03 29 13 27 23 04 04 12 16 05 18 27 22 18 29 11 25 01 21 07 28 05 25 28 23 11 09 24 29 11 09 24 10 13 20 24 08 15 05 23 19 14 12 02 01 02 12 17 02 24 23 22 29 09 19 13 20 19 07 10 30 15 03 01 19 22 24 27 07 20 11 17 03 22 19 03 23 22 12 17 16 04 08 06 05 18 18 24 28 16 03 27 22 
28 19 11 19 12 07 17 01 17 04 03 01 14 28 23 05 09 01 12 04 08 09 30 17 19 23 15 04 18 03 26 15 22 28 25 25 04 04 26 12 29 20 12 12 17 27 08 17 27 20 13 27 20 12 13 08 27 19 12 14 14 29 20 27 18 14 21 13 17 16 24 15 28 06 18 14 24 26 23 20 07 27 16 26 08 21 04 04 09 07 09 14 27 20 10 14 04 01 26 12 
08 11 19 05 08 06 11 01 23 03 21 29 29 28 17 28 18 12 24 19 10 24 02 06 14 12 11 09 04 28 20 03 08 30 08 16 28 18 08 20 12 28 11 02 26 27 21 13 30 14 23 09 30 25 14 13 28 16 21 23 13 02 25 20 24 02 27 21 11 05 02 14 24 12 07 19 30 28 24 29 03 16 07 24 02 12 06 29 27 18 21 09 12 08 21 05 09 09 25 12 
05 26 17 29 30 24 09 29 13 24 28 07 10 26 01 03 08 28 24 04 16 06 05 27 13 25 23 14 25 17 25 30 04 11 28 03 26 28 24 08 22 13 07 23 08 07 25 07 04 18 11 11 24 07 29 28 01 21 11 17 07 05 16 03 08 05 27 03 03 20 03 24 02 09 08 02 15 02 08 10 12 18 21 05 16 19 24 08 10 05 25 08 09 10 02 08 07 29 11 09 
18 13 24 12 13 01 13 19 24 20 28 05 30 10 01 15 21 25 23 22 29 17 21 29 18 23 29 24 21 09 24 30 13 09 11 17 01 15 05 25 05 02 21 04 04 22 10 24 08 02 07 28 18 27 18 28 11 16 13 23 16 07 15 20 15 17 06 08 02 10 02 06 04 22 01 07 05 10 22 04 12 20 01 21 08 19 10 19 04 23 11 12 29 17 01 05 04 07 12 05 
16 05 10 19 19 02 17 15 11 30 19 14 19 19 05 27 29 14 15 25 06 17 06 26 04 06 23 29 12 26 03 20 01 04 30 11 05 17 25 15 08 13 29 27 24 25 23 22 30 29 16 28 07 21 23 02 19 07 30 22 03 02 11 25 05 11 05 01 19 29 16 26 04 06 14 27 30 06 18 21 26 26 18 25 16 03 26 26 09 26 18 11 19 28 27 16 30 01 16 10 
22 23 28 17 20 11 13 11 09 22 02 04 09 19 28 17 21 16 12 22 03 29 24 21 27 21 28 18 13 06 28 26 20 25 12 10 05 16 20 13 30 13 09 08 02 06 24 14 13 06 27 15 04 21 28 22 11 25 02 15 22 29 11 12 15 14 21 19 30 02 24 21 15 24 20 08 21 14 13 04 11 10 18 06 22 15 20 24 02 21 08 23 11 10 04 25 24 16 05 15 
10 28 05 16 21 24 15 12 29 27 07 01 28 24 07 19 09 18 12 10 08 12 24 18 21 28 12 14 05 16 20 14 06 24 29 18 10 13 21 30 02 27 01 29 21 29 10 21 16 13 22 15 24 15 24 07 04 05 20 09 12 10 22 09 25 21 19 26 25 09 26 26 28 18 17 18 08 26 30 15 30 13 29 16 19 22 22 23 18 03 01 21 04 14 22 29 26 10 16 21 
18 03 08 07 20 24 24 19 19 15 03 11 27 23 26 16 06 17 30 15 19 22 28 23 27 19 13 23 28 28 05 07 01 12 14 12 06 29 01 16 06 25 26 24 18 21 01 15 29 30 30 18 21 19 02 18 07 14 02 26 03 06 02 03 09 07 07 14 28 29 22 03 23 09 26 02 22 27 17 20 26 08 29 09 26 30 18 24 05 11 19 08 08 12 02 16 19 30 22 16 
28 13 10 21 21 05 14 12 01 30 24 19 29 22 19 16 14 28 01 18 08 19 17 15 01 11 30 11 10 13 26 08 25 05 20 08 01 03 11 24 25 04 12 15 26 22 01 09 19 01 18 18 12 27 24 12 07 15 22 08 28 09 15 22 05 26 21 05 29 02 28 23 05 01 07 30 14 29 30 24 22 10 11 03 06 04 06 04 19 19 11 16 27 18 29 23 13 20 27 11 
21 17 25 25 09 02 17 23 30 08 16 13 17 19 15 22 14 12 17 02 30 28 09 18 15 08 10 27 19 29 30 09 07 24 25 15 17 03 29 17 11 07 21 27 25 06 11 08 17 19 02 09 16 10 26 22 09 06 11 19 04 10 19 10 25 14 16 12 08 15 20 18 13 10 07 07 07 09 06 24 27 29 24 05 01 19 26 09 24 06 28 19 07 08 20 02 21 06 13 29 
12 24 08 16 03 14 22 10 14 19 25 11 18 18 15 18 06 02 18 22 30 07 10 06 15 30 29 27 27 03 17 30 26 25 15 29 30 28 30 14 08 24 24 25 03 30 04 08 01 14 29 30 20 01 28 26 22 26 23 18 29 09 09 16 03 15 14 25 12 05 08 19 28 23 06 22 22 01 30 14 14 20 14 26 12 03 21 03 28 13 12 18 14 20 04 08 26 09 02 07 
14 09 18 03 01 15 25 14 15 16 28 21 27 03 16 09 05 06 03 24 19 15 12 24 26 07 01 22 07 03 20 12 11 29 07 04 13 01 17 20 08 14 10 26 16 17 04 12 22 07 06 02 13 17 25 30 15 26 21 21 28 03 03 30 01 09 03 06 01 12 17 30 17 26 25 25 04 21 06 25 19 11 19 01 19 13 30 03 08 13 16 27 07 18 19 29 18 13 04 10 
24 20 09 11 07 25 27 10 15 02 27 03 13 15 25 23 27 17 26 27 21 11 15 27 20 03 25 29 16 21 08 01 02 08 03 09 24 29 10 01 23 28 25 27 12 20 19 01 28 06 27 18 16 03 06 27 06 22 25 13 04 24 05 06 23 30 06 09 20 15 09 12 13 03 08 16 14 27 16 11 02 04 20 10 07 17 28 04 09 15 16 12 30 12 09 15 11 14 23 23 
21 01 04 03 25 04 10 09 22 26 11 15 29 23 24 05 09 14 08 09 28 15 13 27 19 21 11 21 27 25 13 17 25 17 11 12 12 20 12 03 15 14 17 06 06 03 02 07 16 10 07 13 16 19 01 26 02 04 17 28 28 21 06 23 07 16 26 10 05 07 12 12 20 29 17 18 01 18 16 08 19 22 20 27 03 12 22 26 15 30 15 13 21 20 27 19 05 22 29 01 
20 10 12 01 30 20 18 30 08 03 07 18 17 18 14 11 30 28 06 14 27 20 18 17 09 14 06 05 05 04 05 24 05 17 17 05 06 04 04 05 29 03 15 07 12 28 17 03 25 22 17 14 03 04 30 03 10 27 07 14 30 11 30 05 19 08 01 17 11 26 13 01 28 27 07 02 17 15 04 03 28 12 16 30 08 08 02 17 04 08 22 04 11 13 30 21 20 30 07 01 
17 20 23 15 08 22 08 24 06 11 27 26 23 12 25 30 19 19 16 23 26 29 18 28 12 09 19 01 30 17 23 16 06 16 22 14 29 29 29 26 02 25 21 24 29 16 15 17 04 30 01 21 28 10 11 01 18 21 02 09 07 24 25 05 01 08 18 21 07 08 17 08 03 29 23 01 14 07 09 09 28 02 22 17 11 24 18 21 14 11 29 20 26 15 24 19 23 03 09 21 
11 17 20 05 16 12 27 21 10 05 30 07 06 13 23 09 28 02 21 11 12 11 22 08 26 08 26 10 10 26 22 12 13 11 16 28 14 12 18 23 09 09 21 06 13 13 14 10 07 26 12 18 07 04 17 24 11 04 03 20 30 16 24 12 26 01 09 01 13 26 23 21 27 13 18 09 17 02 19 15 19 30 25 25 25 11 18 05 15 12 17 14 27 10 17 14 02 25 14 14 
12 28 26 30 02 14 09 11 07 19 25 25 10 19 12 05 22 21 01 06 03 17 11 21 18 27 27 20 13 10 25 24 30 13 16 23 26 24 03 24 04 20 10 13 08 21 09 29 12 10 26 06 18 06 26 28 24 22 09 06 24 25 22 15 07 07 07 24 22 10 17 25 29 19 07 28 01 08 19 12 17 14 09 26 12 27 23 05 18 23 03 03 18 24 17 16 22 16 10 13 
17 18 07 07 06 05 04 07 12 22 10 20 28 11 16 09 07 30 13 16 23 15 19 02 30 27 17 21 12 18 03 28 06 01 26 03 06 30 01 09 13 03 29 10 13 14 18 19 13 23 04 27 29 14 28 29 11 07 11 14 16 06 04 21 06 29 16 03 20 08 12 03 10 10 04 14 23 22 02 27 06 28 24 04 11 13 24 21 11 05 27 27 10 30 09 07 20 24 10 10 
24 13 04 25 22 07 09 06 20 10 02 25 07 17 21 18 22 14 30 02 10 18 28 11 09 29 18 29 14 19 30 07 01 03 02 22 01 10 27 21 11 20 07 18 29 27 27 20 03 18 21 12 06 11 15 06 09 02 04 22 20 25 29 20 19 22 03 20 01 21 02 11 10 08 20 08 27 08 19 21 26 10 24 23 12 08 28 20 01 24 11 20 18 01 01 07 22 03 18 14 
15 19 25 25 18 06 24 06 14 13 18 01 14 12 15 25 19 12 14 20 27 16 01 15 09 24 13 30 26 22 14 03 10 30 27 19 05 12 17 18 16 04 10 29 15 24 15 26 28 20 07 24 06 29 30 14 22 04 05 10 25 18 12 26 09 30 07 14 03 23 23 19 26 03 09 03 26 24 20 23 13 18 09 10 16 08 15 30 12 20 09 28 29 12 24 08 11 30 13 05 
14 05 23 09 07 02 03 25 17 14 09 21 01 17 23 09 17 29 08 28 10 08 25 09 11 10 08 13 01 20 17 14 16 10 15 15 03 17 09 11 01 17 01 23 26 15 01 12 14 30 01 23 07 17 23 17 27 30 29 27 11 16 03 27 17 17 11 11 25 11 21 17 19 13 10 14 28 10 25 11 10 17 25 08 04 18 17 30 09 07 18 20 14 12 08 30 28 10 10 15 
20 22 01 30 05 10 14 02 12 30 04 13 17 20 12 20 07 28 11 16 05 20 27 10 02 04 10 21 05 11 05 16 03 06 15 29 07 20 22 10 20 17 22 28 06 26 09 13 15 11 20 19 30 16 29 01 11 30 14 15 02 18 30 26 23 14 24 22 04 15 01 15 01 15 04 29 10 12 11 24 22 30 05 13 15 25 06 25 16 19 01 17 06 30 13 29 05 28 12 08 
05 12 14 27 26 17 25 05 28 05 21 11 26 25 24 02 11 29 18 26 17 18 04 22 17 16 12 22 06 23 21 10 27 05 06 22 13 23 19 03 19 09 13 15 25 28 08 27 26 26 22 04 05 25 18 14 03 21 27 30 14 17 09 02 13 06 23 26 28 11 28 17 11 02 23 27 30 30 23 17 17 14 21 22 01 08 05 25 28 01 24 03 09 02 04 14 29 19 01 27 
21 28 05 02 21 19 28 20 18 21 07 27 26 27 18 18 26 14 12 23 06 27 18 06 20 21 19 19 01 19 07 22 08 11 23 29 29 12 10 08 24 16 04 20 04 13 29 29 18 03 14 15 29 01 21 19 13 01 07 14 20 13 27 19 15 19 09 05 22 19 12 16 04 08 27 30 12 25 20 30 27 03 14 26 25 26 14 30 27 12 05 08 16 01 18 30 11 27 04 02 
15 07 17 10 14 05 01 26 30 21 17 18 15 22 05 02 10 10 01 28 21 27 27 06 19 14 27 29 10 22 22 16 29 01 26 04 05 26 29 04 08 07 14 23 29 18 24 30 28 16 27 18 04 23 16 22 06 12 12 08 04 03 23 24 25 18 27 30 06 18 25 13 24 08 27 14 26 20 13 23 27 09 02 30 23 09 13 29 13 16 06 16 11 20 01 05 30 27 04 05 
14 29 09 30 06 06 05 23 17 18 15 14 18 09 05 11 17 10 01 29 25 28 06 05 17 06 10 16 25 05 12 30 03 21 29 01 26 26 23 12 13 30 17 22 30 14 24 16 23 16 07 17 13 12 14 22 10 15 07 04 11 11 25 06 01 24 06 18 11 20 29 15 11 08 06 10 21 22 18 05 29 24 13 12 05 26 25 06 02 23 01 13 03 26 18 03 11 15 20 21 
04 11 05 07 10 02 16 30 15 03 04 14 26 16 17 23 04 11 20 05 03 21 09 28 16 18 30 18 02 12 08 28 14 04 04 23 05 19 22 20 14 17 03 01 24 11 23 27 21 13 24 15 25 02 12 10 20 04 19 13 07 26 10 20 29 13 12 25 24 25 14 07 11 08 07 04 18 22 23 30 26 08 07 20 09 10 21 20 13 09 25 19 26 04 30 24 09 11 10 02 
05 16 30 07 15 28 03 25 19 25 24 14 02 22 03 02 02 15 14 14 23 08 25 18 03 24 03 11 27 13 04 01 28 03 30 12 01 02 28 19 26 22 25 19 13 19 12 14 04 25 20 18 24 06 06 27 21 30 07 17 12 11 10 01 05 09 05 05 10 02 16 27 15 02 15 20 20 26 25 15 13 14 25 06 11 30 24 02 21 23 18 25 25 27 17 29 05 21 26 06 
15 03 02 21 04 08 10 15 26 05 22 08 10 16 05 13 07 29 14 27 13 01 21 07 20 08 05 16 20 22 22 26 24 23 17 27 01 18 04 26 14 25 25 16 02 21 28 08 11 11 04 23 03 17 29 22 24 26 30 05 17 21 01 11 13 09 29 05 18 24 22 02 18 16 17 19 07 06 18 17 16 22 02 10 08 30 24 23 17 23 27 04 13 19 06 17 19 26 22 07 
20 13 08 29 21 16 10 27 13 27 05 20 18 28 29 17 28 22 01 06 06 20 09 10 30 06 27 19 02 18 25 21 22 24 19 12 01 28 30 13 25 27 02 04 24 30 13 13 14 13 19 11 24 19 21 24 25 17 12 26 26 28 16 09 21 26 21 13 24 12 25 10 30 26 13 16 17 17 28 22 22 08 03 15 27 23 30 21 01 03 16 18 30 23 26 12 18 08 24 03 
20 10 12 11 05 17 26 14 03 24 05 16 01 29 23 27 13 22 09 13 25 16 30 16 08 18 28 18 25 13 20 06 23 02 17 19 10 12 02 04 27 29 20 20 27 04 08 10 25 17 14 11 02 14 27 02 01 16 19 17 28 08 23 20 01 09 09 10 12 02 06 01 30 17 20 27 20 27 28 14 05 11 25 29 16 13 30 08 28 18 25 17 17 17 07 10 17 07 11 28 
08 16 28 08 02 09 26 21 28 23 27 02 25 13 30 11 25 21 18 14 30 12 30 09 20 28 18 06 04 28 26 04 14 15 03 07 24 20 20 21 04 16 14 28 28 06 08 14 26 26 19 18 29 18 26 19 16 13 16 11 10 11 06 15 18 08 14 11 19 03 23 22 18 06 20 07 03 27 12 21 14 30 08 05 17 03 15 24 15 30 27 16 03 24 23 20 24 28 22 12 
30 14 04 09 11 23 15 06 11 18 26 17 17 03 21 25 05 27 11 11 18 07 18 20 30 02 01 23 29 22 27 28 27 30 28 08 14 04 13 24 21 30 02 07 02 14 24 28 10 04 08 28 02 17 09 23 19 10 08 17 01 04 07 28 03 04 27 08 08 01 23 20 30 25 27 23 30 12 20 10 15 27 29 16 05 07 08 23 16 07 02 09 10 30 28 04 03 16 11 02 
08 04 22 29 20 10 21 19 21 10 28 27 28 18 04 02 25 03 17 02 10 10 02 19 09 21 23 03 06 03 27 05 28 10 03 17 11 23 06 23 24 25 19 13 05 22 07 21 24 15 14 03 24 16 14 02 28 06 26 04 30 22 30 20 01 03 06 11 17 03 03 03 20 13 15 24 04 13 14 20 27 19 22 20 04 05 21 02 02 09 27 24 30 26 13 01 20 10 03 07 
13 28 09 24 10 15 09 14 28 22 25 24 10 08 14 06 05 26 29 06 04 17 21 04 04 03 26 24 13 20 22 17 17 30 10 27 06 18 02 03 01 26 27 02 03 02 29 29 27 19 05 23 05 25 18 01 20 05 24 24 24 15 10 11 06 11 29 11 20 30 06 12 17 02 13 11 25 04 10 13 22 06 05 19 22 14 19 11 18 04 04 12 10 13 14 15 15 12 17 04 
11 14 15 19 07 20 29 01 23 08 14 06 13 10 24 05 24 12 07 11 15 11 14 24 15 27 30 22 08 09 25 10 22 02 20 29 13 19 21 27 18 04 02 23 14 26 19 07 29 25 09 06 27 23 21 12 11 13 25 11 21 19 12 04 12 02 24 24 20 15 20 29 18 14 21 23 09 09 21 29 26 30 26 22 14 17 25 24 29 19 04 11 30 16 14 03 17 08 27 28 
22 08 26 01 21 09 24 21 09 14 12 04 05 07 18 18 23 04 12 13 23 07 23 14 14 07 16 22 06 04 19 19 12 07 19 24 15 04 15 23 10 26 19 14 24 06 24 17 09 27 21 23 03 14 06 17 12 14 08 17 17 19 05 20 25 23 14 01 19 20 15 28 15 03 03 30 30 26 08 01 22 29 15 25 12 13 03 23 26 02 09 04 12 05 24 06 19 07 28 07 
18 13 26 02 07 29 23 29 24 01 21 08 29 05 24 10 17 26 24 12 19 24 16 01 28 01 28 08 29 18 15 16 22 02 09 28 30 01 18 16 01 08 23 29 13 16 30 29 03 15 03 13 30 10 13 27 10 03 27 08 20 11 23 11 12 23 30 04 23 18 11 24 17 03 14 29 10 06 20 04 20 14 16 20 23 21 08 24 23 04 23 12 06 07 14 10 29 13 05 21 
30 15 06 09 09 20 07 18 17 18 13 28 23 28 09 15 18 17 30 02 12 22 13 10 28 26 11 26 01 15 09 30 29 14 30 07 25 07 16 11 16 28 01 09 25 09 15 05 17 15 06 21 28 11 30 26 28 10 13 28 24 21 20 14 27 19 20 21 17 27 24 25 24 24 03 18 02 09 14 11 15 20 01 13 30 30 30 19 01 04 17 16 17 06 21 13 24 02 25 03 
28 18 27 21 03 21 30 27 29 14 07 06 25 29 10 16 20 01 04 20 04 20 27 20 17 17 24 03 18 19 05 15 28 01 27 01 21 26 19 11 09 25 16 03 23 17 10 12 17 14 23 13 03 19 02 12 27 18 14 06 06 18 20 03 10 16 25 22 03 13 02 12 29 10 06 21 26 16 24 05 21 08 17 23 18 10 26 14 27 09 19 02 18 30 27 19 07 21 10 10 
26 04 13 24 13 10 07 30 25 22 26 15 30 12 30 09 22 17 23 10 26 03 04 05 25 30 24 01 12 25 02 07 28 14 23 02 24 21 24 10 12 19 17 03 23 08 12 06 24 26 15 11 20 18 16 14 17 01 07 21 25 30 19 15 14 11 16 29 23 09 30 05 20 16 07 12 15 10 17 09 05 01 19 25 19 26 30 27 18 06 09 13 06 28 27 11 30 04 01 23 
13 30 19 24 08 17 05 22 27 21 22 23 13 03 17 23 20 09 20 08 14 28 20 11 17 08 13 17 11 13 01 15 05 19 08 04 05 04 25 01 16 09 24 29 11 02 21 30 10 02 07 16 22 18 18 08 17 01 16 20 05 16 26 01 04 26 04 01 29 21 01 15 29 16 13 01 10 25 30 11 27 29 18 18 08 06 25 17 28 03 06 24 18 23 25 14 18 20 14 17 
10 06 23 30 14 27 30 23 21 30 25 17 20 13 26 19 10 13 05 29 15 02 14 02 25 30 07 12 20 20 20 21 26 12 21 01 08 20 23 21 11 09 07 22 13 03 11 22 07 07 12 21 09 26 14 25 25 21 28 14 02 10 27 27 13 17 27 13 06 11 03 17 12 01 08 24 25 10 08 01 17 19 21 17 06 27 03 01 17 30 06 18 09 02 07 14 18 25 26 16 
28 28 02 01 28 01 24 15 03 23 15 19 12 28 27 09 24 29 09 02 28 07 19 29 30 17 12 10 04 29 25 23 26 18 23 15 18 16 29 12 09 06 30 12 03 26 12 18 16 21 19 14 19 29 04 18 16 07 27 11 05 13 03 22 30 25 06 10 02 27 21 02 02 13 05 26 08 17 13 24 29 23 29 17 21 24 26 28 30 15 08 04 27 02 25 19 26 22 28 28 
10 18 21 03 22 26 28 30 12 02 15 10 24 05 26 15 28 13 04 19 27 12 14 16 13 30 04 01 21 01 20 01 10 10 03 02 05 23 23 16 16 29 25 10 25 12 16 22 25 19 02 13 22 15 20 27 14 23 27 26 15 08 18 25 17 13 18 22 05 02 29 12 30 24 21 24 27 28 07 13 17 30 18 30 14 07 26 19 30 14 06 14 21 24 30 08 28 09 21 24 
10 19 05 01 04 26 16 01 23 22 13 01 13 22 23 18 29 18 06 28 24 12 03 06 27 25 13 24 03 25 17 05 14 21 05 09 08 21 09 23 04 14 15 09 05 07 26 25 17 02 22 10 05 17 15 23 11 20 08 05 14 16 09 19 06 06 28 06 18 28 28 13 03 12 21 30 11 17 24 27 10 08 06 14 24 12 28 26 01 05 30 07 20 01 17 17 06 06 22 23 
26 11 27 28 15 18 27 25 04 13 21 13 20 18 18 13 29 07 30 22 11 29 20 22 29 28 08 26 04 22 10 29 24 07 26 30 24 15 24 19 27 06 23 16 15 02 20 06 08 19 27 18 09 08 01 30 05 30 25 08 21 27 28 07 03 16 06 18 30 22 28 18 27 20 25 04 21 06 09 20 24 27 07 24 04 29 23 30 28 10 30 11 06 27 17 30 04 14 09 03 
05 06 12 24 17 28 27 29 03 27 18 18 23 16 12 18 14 26 17 11 05 08 21 10 27 29 01 30 13 09 25 17 14 06 02 30 04 20 20 28 16 07 16 08 22 19 25 27 14 04 08 11 11 20 12 07 19 13 07 23 21 01 01 27 28 03 18 23 22 08 21 08 14 28 07 28 16 24 24 21 27 23 01 29 05 13 06 15 25 04 07 07 26 29 03 15 01 13 08 15 
20 20 14 25 17 20 22 24 05 08 14 01 22 07 30 18 19 27 02 05 22 30 11 09 21 06 23 13 18 30 27 29 11 02 23 27 14 07 12 18 14 18 19 27 24 10 15 04 28 08 08 11 30 10 19 20 07 11 02 16 03 21 14 13 22 07 02 27 13 13 15 18 22 25 14 15 26 20 18 23 28 17 03 19 27 13 08 25 23 01 11 17 21 24 30 05 22 23 01 04 
27 07 21 19 01 27 03 26 16 13 10 05 29 04 15 17 16 14 12 01 15 14 17 27 07 16 23 29 30 24 24 27 22 07 15 23 03 09 10 10 13 12 07 04 15 13 20 23 27 23 23 11 06 09 29 05 17 22 25 16 07 18 12 28 16 18 12 10 19 22 12 23 25 10 26 09 22 16 01 18 30 23 20 28 24 19 02 10 02 18 25 08 27 29 05 13 08 09 22 18 
30 03 11 24 04 06 24 26 13 17 13 05 09 25 02 24 13 25 03 06 12 20 13 08 10 09 12 17 17 04 27 08 28 07 23 02 04 09 19 17 25 23 21 25 17 22 19 21 08 21 26 19 02 30 18 11 09 30 20 17 25 16 17 22 14 09 15 17 17 03 25 03 26 15 28 04 28 16 25 05 28 20 15 30 20 03 02 20 02 21 06 26 28 22 09 11 23 16 20 01 
10 14 04 27 21 23 01 18 08 25 15 27 06 21 18 17 23 20 28 16 02 26 03 22 09 04 02 01 19 13 24 28 27 27 17 17 11 17 26 10 03 02 06 08 23 16 17 07 27 14 23 28 09 17 19 10 20 13 10 08 25 25 28 21 21 14 29 23 22 25 02 24 18 08 23 10 15 01 17 11 07 01 08 15 17 19 24 29 01 26 28 17 20 25 30 03 30 28 25 13 
14 27 06 02 26 21 03 10 21 19 20 27 11 19 04 28 07 19 26 29 06 23 08 18 10 07 20 01 26 06 14 10 24 11 03 11 23 05 20 14 16 01 02 26 20 27 15 18 08 02 09 13 17 16 30 26 14 11 18 09 09 01 10 24 04 04 05 26 01 24 01 16 17 25 03 28 21 18 15 28 11 15 03 27 22 24 22 05 27 02 06 05 02 07 28 27 11 24 15 11 
18 15 18 04 09 12 01 22 29 07 11 10 14 13 28 05 29 20 02 25 21 29 21 14 05 10 03 07 04 17 09 13 23 26 08 02 08 30 15 28 06 25 29 11 30 27 08 28 08 09 22 20 29 04 25 03 13 27 02 16 05 10 28 28 28 05 21 27 26 27 24 02 21 15 04 20 03 11 09 10 11 30 21 09 03 15 04 08 04 05 23 30 14 13 27 03 09 09 29 05 
05 23 28 26 29 01 07 01 12 16 02 22 07 22 23 02 28 26 09 23 30 23 23 05 05 11 08 06 20 28 10 24 20 29 11 10 21 10 10 24 17 03 16 15 24 30 16 14 25 24 06 16 17 28 12 13 09 19 18 20 09 19 13 28 09 16 30 30 17 09 23 03 12 30 17 27 29 25 10 15 18 08 30 26 05 12 01 05 22 18 24 30 29 29 20 29 14 19 28 22 
19 13 24 22 12 02 19 03 26 20 17 06 27 17 23 24 20 23 28 11 03 22 11 23 20 22 21 25 10 19 16 20 01 01 12 04 24 22 06 12 11 23 17 08 01 01 23 20 24 20 22 18 11 24 10 22 15 30 16 24 10 23 06 02 15 17 06 09 08 11 20 18 25 28 17 25 28 09 06 21 21 28 08 01 21 09 15 06 09 22 21 10 15 26 12 29 04 17 07 11 
19 18 21 06 15 29 22 13 30 28 25 20 17 25 12 07 03 26 04 03 18 17 13 24 04 16 22 08 02 21 18 12 08 30 17 15 29 09 27 28 28 13 17 14 07 28 12 10 24 16 04 03 24 08 26 27 23 09 04 24 29 14 28 29 13 06 05 11 14 01 08 03 05 16 16 12 14 28 13 29 05 16 23 28 24 18 24 08 18 20 24 09 03 21 07 15 26 11 18 02 
03 25 04 07 03 12 10 16 09 14 06 05 22 20 02 07 07 17 14 24 06 07 24 08 27 30 15 15 02 02 16 26 18 11 25 20 22 26 27 22 10 24 26 01 13 19 07 11 06 20 27 11 27 20 11 15 20 25 29 13 18 06 01 05 09 17 17 30 12 13 22 21 07 17 21 19 28 19 22 03 09 18 05 27 07 15 11 18 01 02 23 18 29 23 15 07 09 01 07 20 
05 20 03 11 28 23 22 25 04 13 27 12 22 02 30 28 08 10 16 09 03 08 18 02 22 24 30 30 24 28 11 29 17 13 01 07 28 14 01 01 18 20 04 09 13 03 07 20 04 22 20 29 21 30 22 12 23 21 03 09 19 13 07 27 18 29 03 15 13 26 07 30 15 10 09 27 12 15 08 07 28 20 05 10 19 26 13 11 17 15 11 27 19 17 23 06 16 18 20 20 
13 26 19 27 27 27 15 30 03 14 07 22 03 11 01 21 29 13 24 15 19 04 03 08 13 17 13 20 04 25 09 08 12 27 26 01 16 10 30 10 16 06 02 18 09 02 01 07 07 16 13 25 11 15 24 15 23 29 04 27 23 04 26 26 23 22 26 08 23 18 17 08 23 10 18 23 12 10 29 10 25 11 04 27 17 20 12 10 18 07 28 10 11 23 27 25 06 15 24 29 
02 02 28 16 12 15 01 15 24 29 24 10 02 19 07 10 08 10 11 25 16 08 26 18 23 15 12 28 29 27 18 22 29 16 29 10 22 29 24 16 20 09 17 21 19 23 22 27 02 03 13 10 02 09 19 24 23 23 14 13 19 23 26 17 08 24 18 22 15 03 07 04 11 23 16 30 08 07 18 01 01 30 02 03 30 21 18 22 13 23 26 23 16 21 10 15 07 19 06 21 
22 04 16 24 27 01 15 26 29 02 26 22 24 28 24 23 10 03 07 22 26 24 14 03 15 15 17 13 26 23 03 17 26 18 02 14 10 17 09 30 10 27 13 25 24 28 10 03 01 08 16 18 01 21 20 07 28 06 19 23 28 21 01 16 30 24 21 01 02 30 23 12 18 05 28 03 03 07 27 25 14 12 12 07 24 01 13 13 06 02 27 26 14 27 03 14 13 23 06 14 
14 20 25 01 25 15 03 19 13 29 13 27 02 16 03 18 16 07 30 13 08 27 08 22 15 02 27 27 25 24 11 08 14 27 01 30 03 03 18 16 24 22 04 17 07 28 04 14 04 04 26 12 22 26 25 28 27 21 25 13 14 27 13 27 15 13 18 18 07 05 25 22 18 28 09 16 25 12 21 28 07 17 09 20 04 25 18 30 15 04 05 21 30 17 09 06 21 27 15 19 
23 09 11 11 06 11 18 30 22 09 20 21 17 20 10 20 15 27 11 21 30 15 11 21 01 20 27 13 16 03 02 30 12 04 10 09 14 20 01 27 20 20 09 06 01 19 25 15 07 05 06 29 20 08 11 12 27 29 17 04 02 10 04 13 13 05 13 18 24 13 06 05 24 15 10 25 25 26 09 23 01 06 21 12 14 02 15 02 30 23 06 01 02 01 05 06 05 10 23 21 
22 21 25 08 05 27 02 29 22 02 21 14 30 04 17 05 27 24 06 26 16 03 19 18 03 15 15 08 24 08 20 08 28 06 07 24 02 30 14 16 01 26 29 22 29 08 26 25 01 02 13 16 04 23 25 29 07 10 28 23 09 17 22 28 14 20 21 16 19 26 23 19 21 21 03 12 20 28 28 20 21 10 28 17 02 22 15 01 23 12 15 01 20 28 20 03 17 02 10 05 
27 02 15 10 15 17 21 04 07 18 16 27 20 13 13 13 26 19 13 19 22 19 11 03 16 01 06 24 24 07 28 21 09 05 22 15 21 12 18 19 21 03 16 10 07 20 23 03 09 27 21 22 08 23 25 15 15 22 09 09 28 28 21 28 02 12 04 15 15 22 03 05 16 18 07 23 30 29 25 30 17 07 21 24 29 07 01 14 28 09 14 18 06 04 07 30 07 11 14 21 
24 16 25 01 26 01 23 17 21 09 16 08 07 06 23 28 05 15 03 02 23 16 11 21 11 18 20 17 20 25 07 13 02 01 13 27 24 28 05 14 28 20 13 05 18 28 24 22 12 26 15 27 03 26 17 13 05 28 29 24 22 05 28 15 27 10 04 20 29 08 26 27 28 30 23 07 27 16 28 01 11 04 27 13 21 05 25 25 24 15 10 07 11 07 21 07 09 24 19 29 
02 14 25 21 05 17 27 02 24 16 24 04 11 20 08 02 16 24 18 09 08 20 15 18 26 27 17 26 21 05 17 14 10 11 26 14 20 14 07 13 21 30 09 01 11 08 24 26 02 12 26 01 01 02 11 18 29 19 06 19 15 22 24 16 24 19 21 13 02 28 18 22 19 18 14 22 25 08 17 18 19 05 11 11 06 13 28 04 01 03 14 15 16 07 30 10 17 20 22 18 
09 01 01 20 18 15 11 05 22 19 22 02 23 24 12 29 06 01 24 06 04 08 12 11 06 03 20 23 15 04 02 23 04 03 04 14 17 14 10 30 03 23 01 17 17 04 07 22 04 23 20 29 30 01 10 27 26 29 19 10 24 21 24 20 15 28 03 23 03 04 22 27 26 14 14 12 17 12 26 20 04 15 11 25 07 20 22 24 10 02 03 04 14 27 23 28 16 17 20 18 
20 03 15 15 16 20 19 24 01 14 06 05 20 16 21 18 05 12 12 06 14 14 09 19 02 01 17 09 09 28 27 28 01 03 05 08 22 23 24 22 28 29 18 17 06 09 26 02 12 07 07 17 13 16 06 14 08 14 15 09 11 11 06 03 13 02 03 26 16 26 09 13 16 27 21 13 27 17 14 30 15 20 09 27 27 14 03 27 27 17 05 29 19 02 24 01 04 26 26 19 
13 04 24 20 22 14 02 10 22 07 02 07 26 10 25 15 15 27 11 11 05 15 01 23 16 24 23 19 11 10 30 23 06 15 04 19 28 05 21 12 11 14 10 29 23 04 13 07 23 23 09 27 29 09 12 14 25 26 25 05 06 16 28 03 30 01 13 19 28 25 30 30 08 01 28 30 27 02 28 19 16 06 07 14 07 18 28 01 14 14 05 11 29 24 05 28 17 17 16 06 
12 08 05 19 08 25 11 04 26 08 14 12 06 21 25 04 08 14 04 13 27 30 23 25 16 27 14 24 06 30 29 17 07 25 27 06 19 29 10 07 29 23 18 04 05 04 07 05 10 02 17 06 23 02 23 08 28 28 23 25 27 13 03 25 08 30 23 18 20 24 24 18 16 03 13 13 29 11 17 08 04 03 05 27 26 19 26 24 17 19 10 05 01 13 22 30 12 14 18 23 
07 03 03 14 06 15 18 26 18 04 03 21 29 29 17 24 18 05 09 26 23 19 30 15 01 13 07 04 18 24 26 24 18 28 30 15 05 17 10 22 13 04 12 11 03 21 26 12 25 05 07 09 23 28 15 15 11 21 18 28 06 05 14 24 25 05 08 21 13 10 12 25 13 15 27 07 05 23 18 21 19 16 29 03 14 06 17 16 26 26 13 02 22 18 17 16 22 16 06 27 
25 09 21 30 24 10 06 20 02 16 03 12 01 23 14 06 28 22 21 24 09 26 17 30 05 25 08 19 10 05 15 27 14 05 26 29 06 23 10 07 08 12 10 01 05 23 28 02 06 11 17 14 28 03 14 02 27 13 20 29 17 04 25 22 01 20 12 06 12 22 05 12 25 06 04 29 21 23 23 26 03 01 10 22 26 15 16 22 19 05 12 05 01 06 19 23 17 30 20 21 
13 24 02 08 22 27 28 12 11 12 07 14 13 08 27 08 14 12 21 02 09 03 29 01 30 09 23 17 08 12 07 13 28 30 12 19 18 01 30 28 13 28 03 17 06 30 24 19 11 06 13 11 30 03 11 30 11 03 16 10 07 14 22 26 13 03 14 22 04 05 19 08 02 22 24 29 21 09 10 23 14 22 26 06 24 06 05 26 01 12 05 07 17 19 02 29 21 07 20 16 
03 30 15 26 21 30 25 03 08 04 18 14 17 13 19 02 18 15 27 18 26 23 16 12 11 09 02 24 15 13 09 09 12 16 05 25 15 29 27 23 24 06 28 02 18 16 03 28 22 21 07 09 13 23 12 24 23 13 17 08 17 17 08 20 02 12 14 17 02 03 01 25 30 28 26 18 05 20 07 18 10 05 26 23 27 07 16 20 11 24 19 27 10 18 08 12 30 14 20 01 
08 12 18 07 01 05 16 05 25 22 22 04 27 09 18 15 15 25 26 25 18 06 13 28 24 20 01 15 03 20 15 10 23 24 17 23 29 24 19 23 16 02 18 04 10 06 10 24 30 28 18 18 03 22 07 18 11 07 02 06 18 09 15 10 02 23 02 30 17 12 14 24 13 02 19 22 07 28 15 28 25 24 15 20 15 21 29 17 19 23 22 06 01 29 07 02 13 30 24 21 
11 07 06 23 08 24 14 06 14 20 04 30 05 10 19 11 23 10 28 11 02 11 09 02 01 15 25 14 07 18 26 17 17 02 02 16 25 15 22 08 27 17 08 01 26 18 12 18 19 01 21 20 11 29 13 04 05 08 17 03 17 04 20 25 05 13 11 30 19 24 29 15 10 28 16 27 08 19 15 26 19 27 08 21 25 20 24 21 19 02 24 28 06 05 22 10 09 02 01 27 
17 22 12 26 19 19 23 18 29 29 06 09 25 13 29 11 02 15 23 21 16 08 18 13 04 01 15 12 25 07 09 11 28 12 29 09 30 13 18 20 11 23 28 27 05 26 29 29 02 21 11 18 21 20 22 24 20 28 06 14 05 06 17 24 17 15 24 08 27 12 27 29 04 24 25 01 11 15 29 13 27 09 22 17 28 13 11 09 11 08 15 07 13 01 30 21 15 24 28 03 
27 24 01 22 09 17 22 19 01 12 23 27 12 14 06 01 19 08 10 21 15 16 27 19 16 18 09 22 03 28 24 29 21 16 13 29 02 04 09 24 08 02 12 11 15 17 12 25 24 13 15 30 28 11 10 05 29 10 26 01 07 11 22 27 26 04 17 27 29 18 20 06 11 23 17 25 10 20 12 25 24 26 17 13 07 18 17 27 28 04 27 04 14 10 23 09 13 01 27 12 
18 08 09 28 30 17 15 01 28 26 18 21 21 04 03 19 21 11 15 10 14 04 14 19 13 28 27 18 28 23 29 08 22 29 05 22 16 11 22 13 28 09 26 11 04 28 29 17 01 06 26 14 01 01 03 05 28 21 22 26 06 12 03 27 11 29 10 18 10 02 30 07 02 25 17 28 15 08 14 15 05 01 20 05 02 14 09 29 05 23 24 10 04 18 28 06 17 08 23 26 
01 15 24 24 09 03 21 15 02 26 29 06 19 11 02 20 24 10 10 20 24 26 21 28 13 19 03 29 26 18 16 18 02 02 11 02 04 24 17 27 11 07 02 29 17 03 10 11 04 20 22 28 07 13 17 19 01 11 18 18 28 25 05 29 26 07 23 21 30 09 17 03 15 10 23 02 04 03 04 08 14 25 27 20 29 13 30 29 23 09 08 13 04 12 03 29 19 25 12 10 
03 20 04 10 22 27 03 25 21 28 24 26 22 20 07 21 24 06 11 09 15 19 21 18 22 15 08 02 10 11 12 04 01 15 13 22 03 15 08 23 04 02 18 26 13 16 08 29 22 10 07 28 28 19 07 12 03 06 13 04 17 24 08 09 01 12 22 25 19 21 18 22 22 27 09 27 05 08 25 26 18 23 15 07 03 21 18 27 26 01 01 04 16 30 04 08 11 17 03 21 
08 12 13 21 08 13 09 12 21 25 29 08 17 13 06 19 25 24 16 13 16 08 08 23 07 12 01 09 28 03 30 27 14 04 18 13 16 18 17 28 13 07 27 29 12 03 10 06 18 17 10 03 16 18 25 22 29 17 22 18 11 13 07 24 16 16 29 24 03 07 21 15 13 18 06 16 12 07 22 29 23 01 23 08 10 09 21 08 26 04 18 06 17 24 22 24 01 12 09 03 
10 30 10 22 09 15 08 12 21 21 02 05 13 24 12 23 24 24 22 11 27 01 09 05 16 22 29 16 03 07 11 12 28 20 25 28 04 24 09 24 14 10 20 19 25 23 11 19 16 24 29 04 25 07 09 02 28 29 18 22 05 28 25 03 17 20 30 12 13 01 27 19 10 16 29 05 08 09 15 15 24 05 18 10 04 18 12 23 16 29 15 13 18 09 07 26 20 28 07 25 
28 03 05 30 18 03 04 17 03 10 01 26 14 10 28 17 20 09 10 05 29 16 09 16 16 15 11 06 13 09 22 10 11 26 09 20 20 04 28 22 13 28 09 27 29 06 05 18 14 14 15 04 29 23 19 15 08 21 12 20 29 03 21 01 20 30 20 09 03 17 22 08 06 30 26 27 28 30 06 03 06 20 07 26 05 25 10 04 08 13 23 06 07 05 07 18 04 18 26 29 
27 09 28 24 01 23 20 28 14 26 30 19 07 28 15 11 23 16 14 30 21 28 27 27 03 25 07 28 13 02 18 09 03 15 02 03 29 14 30 13 09 21 23 07 19 29 10 03 15 15 24 27 05 12 15 29 07 21 26 19 15 14 19 17 20 12 19 19 25 10 23 25 22 15 24 02 14 03 04 20 17 19 16 21 01 30 19 07 21 07 17 05 12 05 21 01 08 01 11 03 
02 03 19 23 18 12 25 23 14 20 12 23 09 27 05 01 18 16 07 08 22 15 04 03 19 16 25 26 16 28 20 09 30 01 24 09 12 18 01 18 29 04 02 29 22 06 29 10 21 27 09 04 11 13 06 21 28 23 09 06 20 20 06 11 20 29 12 24 08 04 11 07 08 04 27 29 09 18 08 22 14 09 25 17 21 23 07 10 15 15 15 26 05 21 28 16 19 09 09 19 
13 11 25 12 14 21 10 15 30 10 06 14 18 30 22 30 14 28 09 28 05 16 15 01 06 13 16 16 21 17 04 25 27 20 06 03 03 16 17 02 17 22 07 26 13 28 25 27 26 03 16 22 18 23 14 15 05 21 23 17 07 26 12 04 08 17 06 10 24 14 03 10 05 10 05 09 07 21 27 24 16 05 07 03 27 20 10 23 11 02 09 17 19 20 12 26 07 09 27 30 
22 30 02 18 09 28 19 07 19 15 23 04 11 29 28 07 11 07 29 21 08 08 29 19 19 03 14 17 11 11 17 25 02 10 12 02 29 30 30 17 07 22 12 17 13 02 16 23 08 14 05 08 13 03 26 24 27 01 10 08 03 18 02 04 27 05 27 26 27 27 04 03 10 08 11 22 09 26 14 08 02 10 07 06 05 24 29 01 17 09 30 19 26 01 15 15 28 03 02 24 
29 27 18 09 04 28 22 04 16 28 04 17 07 02 22 11 26 21 12 12 21 11 22 08 04 28 22 23 01 15 16 29 12 25 29 07 22 21 03 07 18 06 15 24 29 07 27 24 19 08 27 09 10 11 16 13 08 30 05 08 06 12 29 09 06 27 16 20 09 10 18 18 07 03 04 05 01 30 21 19 07 17 19 08 19 04 21 27 25 17 26 01 21 24 09 18 13 16 07 13 
17 17 01 23 11 04 28 11 03 18 21 01 26 09 08 15 04 20 11 29 07 28 21 27 22 21 14 26 29 13 08 15 21 08 08 01 03 27 11 05 06 23 05 01 01 05 07 26 24 17 16 30 07 06 18 28 19 24 23 09 06 22 23 26 22 22 18 24 18 20 29 23 12 25 16 04 29 22 29 23 01 15 14 07 12 24 26 30 17 10 08 14 01 23 01 22 14 18 16 24 
29 06 08 10 30 15 13 21 07 03 05 29 17 10 27 29 03 22 20 11 01 20 16 01 04 16 15 09 25 22 24 23 27 02 24 18 08 28 08 06 01 04 04 09 14 30 29 08 21 11 19 13 22 26 06 25 04 20 03 28 11 19 13 29 20 28 16 19 18 16 25 10 19 28 18 24 28 09 02 10 19 12 15 10 07 20 26 10 09 28 30 11 16 04 09 27 01 16 16 10 
01 02 19 20 29 07 13 18 07 06 20 25 17 04 26 16 23 21 17 23 10 08 25 26 11 25 14 04 10 21 13 11 22 24 22 13 30 04 30 06 02 11 22 10 14 17 25 28 07 04 20 16 11 06 03 14 30 09 09 10 21 13 12 13 06 03 17 27 28 08 02 29 19 15 01 02 01 17 22 29 20 11 15 23 17 09 06 08 17 06 17 08 18 28 12 24 22 20 20 20 
