100 100 30
12 27 10 26 10 24 19 15 19 26 18 05 12 27 13 25 29 16 11 28 30 01 04 16 13 09 06 06 06 05 03 17 23 13 13 24 28 23 30 17 11 18 13 14 06 17 30 05 03 11 02 24 03 27 09 15 05 06 20 11 02 15 19 24 19 23 18 16 16 09 24 18 26 29 01 02 15 30 28 17 02 29 10 05 17 19 11 13 24 23 15 18 07 04 11 25 26 20 02 03 
29 26 20 16 24 20 09 08 12 06 17 05 26 26 09 12 06 12 17 22 04 01 09 10 04 19 26 30 01 19 02 21 06 14 06 21 25 07 29 28 12 07 03 30 02 03 11 08 14 27 29 17 20 29 18 23 09 05 14 09 24 08 29 29 21 27 20 15 03 10 13 06 08 07 05 09 09 08 08 23 26 28 01 15 26 11 08 05 15 13 05 30 20 26 21 02 22 02 09 16 
03 13 21 10 19 26 10 27 25 18 11 20 07 04 05 03 14 04 29 20 16 03 12 28 28 02 29 11 25 07 18 27 19 09 28 07 26 07 26 20 16 28 09 23 01 05 17 14 08 15 26 24 09 07 21 07 30 11 09 24 18 27 12 28 27 01 27 14 07 22 25 15 19 25 07 12 30 15 25 07 29 20 22 07 18 12 05 17 23 06 02 02 02 13 29 20 13 17 03 12 
08 27 18 19 21 16 30 20 30 16 19 20 28 10 26 15 14 23 24 28 20 25 21 21 08 11 02 12 28 04 15 27 22 02 07 12 17 28 24 16 14 04 05 03 05 23 17 18 07 10 07 26 05 27 08 04 30 09 07 27 12 22 23 25 23 30 06 10 27 21 17 02 24 14 04 29 06 13 08 04 14 15 29 10 03 06 13 24 06 20 20 09 03 05 03 25 26 08 26 14 
21 13 16 14 26 11 04 23 15 12 26 29 18 24 08 12 21 13 06 26 24 17 04 26 21 06 12 16 05 08 22 25 12 07 01 29 09 04 13 24 07 08 14 16 23 21 28 05 25 03 22 10 11 25 27 02 22 09 09 18 08 30 05 19 28 05 09 07 30 21 22 07 20 05 22 04 17 11 08 12 05 29 21 16 15 10 17 28 18 25 15 25 17 11 05 14 15 05 20 07 
25 11 13 06 07 26 09 24 29 16 05 03 06 17 18 20 26 26 17 05 13 23 21 29 04 25 12 10 21 24 16 07 26 20 12 03 08 20 26 06 27 22 30 02 08 10 13 26 05 21 22 09 06 13 07 01 29 11 10 20 26 18 26 21 07 30 15 06 11 02 03 08 23 03 01 23 12 06 10 08 18 01 17 23 13 15 23 12 17 25 01 12 12 18 25 10 17 01 16 20 
03 10 19 25 12 11 17 23 16 26 01 04 27 09 18 01 23 11 12 10 05 04 13 08 22 07 17 30 08 24 19 02 04 29 26 07 10 05 30 25 30 22 20 18 30 08 19 14 10 30 23 14 26 28 13 17 26 21 08 03 15 19 04 10 17 22 16 26 26 07 13 17 20 02 05 11 09 15 25 18 06 09 23 01 06 27 09 02 18 09 26 24 27 22 25 05 05 02 01 30 
09 05 16 20 06 12 01 07 26 17 16 24 17 01 24 23 27 03 16 14 11 03 29 29 16 23 03 20 25 25 19 25 29 27 14 27 30 06 25 26 14 10 19 01 02 04 15 29 28 22 04 30 24 03 28 02 17 23 21 03 09 02 27 30 20 03 18 19 08 12 14 22 13 24 22 15 20 28 13 17 19 08 17 04 02 06 05 19 28 26 21 29 27 10 28 16 12 15 26 11 
18 10 02 30 25 15 14 14 04 18 01 22 26 09 26 19 14 30 07 04 17 20 02 13 21 21 20 02 27 08 12 14 17 06 13 03 20 19 09 24 06 01 07 23 09 02 12 22 24 10 17 10 29 10 15 19 22 26 12 18 03 24 01 11 29 06 14 10 24 22 25 21 14 02 14 22 25 25 05 18 04 22 28 25 23 04 13 15 29 17 02 02 10 25 12 30 22 17 01 07 
30 26 27 13 19 10 04 05 26 01 23 30 22 12 24 06 15 28 20 05 06 14 06 15 08 10 06 21 26 07 27 18 02 15 30 12 25 26 16 12 26 30 11 09 03 26 06 09 16 26 14 21 09 19 28 08 20 03 28 08 09 16 25 02 30 16 13 16 03 21 28 20 20 30 20 23 18 26 01 25 21 06 07 21 17 04 28 06 29 17 13 29 02 29 01 23 07 05 09 09 
25 06 29 07 27 18 21 14 05 13 30 25 19 07 07 05 10 04 02 08 12 07 07 05 05 29 28 03 03 06 12 20 03 02 18 29 11 08 05 16 20 04 02 30 10 09 04 12 04 06 11 08 04 09 12 08 07 09 03 02 06 14 13 30 07 30 21 17 29 25 24 18 20 18 10 22 26 13 25 21 10 05 28 13 14 10 13 12 10 15 05 08 20 17 07 26 08 27 04 06 
13 20 16 03 07 25 16 24 29 10 14 01 06 04 05 11 05 17 23 14 23 19 21 04 28 20 21 05 16 25 03 29 06 10 23 12 04 08 05 24 09 18 24 14 13 29 25 17 07 09 01 22 19 13 25 16 24 16 13 10 02 07 30 07 16 22 18 11 21 14 26 21 23 20 26 06 10 20 22 16 20 14 29 09 27 24 16 12 09 20 21 10 26 20 08 03 03 25 13 15 
08 09 05 30 20 01 05 21 12 19 06 24 02 27 24 20 20 01 02 20 21 22 29 16 04 28 11 28 22 23 13 21 23 09 20 04 01 17 24 05 05 22 28 06 18 13 26 07 13 19 26 03 10 16 11 05 13 21 25 26 05 29 16 20 07 27 15 30 05 09 04 09 22 23 07 09 27 24 07 09 12 24 04 13 01 06 10 05 18 04 30 14 24 07 25 22 25 10 21 30 
10 16 30 01 30 28 01 26 21 07 27 24 30 22 29 22 19 08 26 28 03 17 11 26 23 28 17 17 07 30 08 08 07 08 08 07 05 30 24 18 06 12 11 27 25 01 18 13 30 05 10 02 21 13 19 05 10 28 13 08 27 21 15 03 28 14 01 24 05 17 11 10 28 14 28 23 14 07 05 14 11 07 07 23 19 26 27 20 15 09 27 11 21 03 05 10 08 28 04 12 
14 14 13 11 27 02 03 03 08 30 16 10 28 22 24 16 09 12 27 23 12 15 25 03 17 30 12 16 19 15 19 02 21 23 04 09 24 29 11 23 28 18 24 17 10 17 02 18 28 28 03 01 12 27 03 20 26 07 27 06 13 15 07 25 07 11 04 22 01 06 14 28 24 07 14 25 15 07 04 04 26 06 04 29 03 29 10 20 27 06 26 09 12 24 04 10 26 29 01 26 
04 06 15 19 12 20 05 18 18 09 21 13 06 16 03 30 14 04 20 10 09 07 11 12 22 14 21 18 04 13 05 07 18 20 18 21 01 22 08 19 22 20 23 28 06 26 27 19 21 08 21 22 06 01 03 28 06 16 07 09 28 11 07 08 30 24 28 23 08 28 11 29 17 03 18 22 20 07 03 11 14 15 02 20 15 26 09 12 11 15 12 01 25 10 08 17 26 05 09 03 
24 19 23 11 13 11 02 25 17 26 27 22 10 20 03 16 15 11 27 18 25 30 18 12 10 25 28 05 21 28 29 15 08 21 25 20 23 18 06 09 14 02 23 23 21 25 01 28 06 19 15 22 19 02 03 28 18 30 24 08 27 22 14 04 12 08 16 27 18 21 27 01 15 19 15 05 14 07 24 11 26 08 02 14 01 05 03 18 26 26 26 15 09 09 10 12 09 25 08 18 
08 05 10 22 23 16 18 28 23 12 08 18 11 02 01 12 06 25 29 23 20 16 07 20 17 17 01 17 03 09 04 10 13 13 23 05 28 03 03 20 06 02 29 16 03 29 19 30 23 10 15 04 25 21 23 03 29 24 11 24 02 06 25 06 18 10 10 08 12 04 19 17 28 18 24 30 08 13 22 23 22 06 18 08 18 03 03 09 26 13 24 19 19 18 16 28 27 25 27 30 
21 08 16 18 17 02 09 16 14 22 08 27 19 18 26 07 20 28 07 07 03 30 25 13 17 10 02 06 26 29 05 08 28 13 17 14 14 26 29 27 09 29 15 28 16 10 04 05 30 02 11 02 01 27 06 09 28 07 14 15 27 11 23 24 23 09 29 06 26 28 24 05 18 08 02 25 09 27 21 08 28 01 01 20 19 06 28 08 05 04 22 01 14 06 17 06 15 15 03 02 
04 26 06 21 03 29 07 11 25 27 11 14 19 11 03 07 09 23 14 13 18 28 05 01 03 21 28 09 28 22 11 01 17 08 14 11 07 20 13 23 17 23 29 05 26 23 04 04 15 09 08 24 06 04 24 01 17 13 09 14 04 19 14 12 27 27 22 25 09 05 09 17 19 07 21 14 30 16 17 06 25 16 30 22 12 15 22 28 28 01 11 23 11 24 27 29 13 18 23 13 
14 02 29 03 08 19 16 29 27 25 05 21 02 04 12 13 18 04 10 07 26 20 22 06 06 18 05 10 27 19 22 03 20 20 05 20 30 12 18 18 28 14 08 22 17 12 04 27 15 06 03 10 17 24 07 22 03 11 23 30 30 06 02 11 17 28 22 09 01 02 26 29 15 04 20 24 15 15 20 21 20 14 22 07 08 28 20 02 01 05 01 22 10 24 24 27 13 08 05 14 
09 30 12 15 25 23 30 01 07 11 13 19 25 04 17 24 24 06 25 16 02 26 07 12 11 22 30 24 29 26 07 29 17 10 06 12 02 27 04 30 08 17 10 02 20 26 25 05 24 19 12 25 06 18 06 17 02 27 02 22 22 08 21 09 09 18 12 10 14 15 01 21 01 11 22 13 06 16 09 21 27 21 16 02 30 13 10 23 10 11 15 23 10 05 23 18 22 04 19 27 
11 20 18 03 22 09 07 19 17 08 10 05 28 25 06 19 29 08 12 30 18 26 23 20 22 07 07 05 11 26 01 13 07 18 07 28 19 14 08 27 21 17 01 10 03 28 28 24 05 01 23 15 26 15 26 17 22 02 21 24 19 14 28 25 01 04 14 11 09 22 07 29 30 29 30 25 27 20 18 23 20 10 29 16 17 24 24 30 18 07 15 06 20 12 23 12 07 28 23 16 
11 21 06 11 20 06 27 08 25 14 30 06 15 21 13 01 06 07 30 23 05 06 21 16 17 05 19 16 02 11 01 05 24 28 15 13 25 03 12 11 16 11 17 30 23 29 01 29 27 22 13 01 20 25 08 28 29 27 13 23 29 05 27 22 03 03 26 27 05 07 08 20 10 16 11 02 14 03 22 11 17 05 03 06 21 11 03 20 07 16 12 27 12 30 11 14 02 06 03 06 
05 02 17 14 17 27 07 22 22 21 02 08 17 05 13 07 07 15 26 13 22 29 01 04 20 11 09 21 17 03 18 13 04 26 18 12 23 24 04 06 14 27 13 22 23 17 29 29 23 16 11 15 07 04 10 26 14 18 17 22 13 26 04 08 22 21 20 06 07 15 11 12 03 15 04 26 01 02 24 23 09 27 29 15 30 08 11 13 18 19 27 30 14 30 07 27 13 18 02 19 
24 04 30 27 18 25 14 10 18 07 03 27 03 23 11 24 23 21 29 02 01 25 01 07 24 29 03 28 09 27 16 24 30 08 12 18 24 25 27 12 02 21 08 26 14 18 20 28 01 18 29 01 12 21 07 27 19 10 25 19 28 02 13 27 01 24 06 25 19 03 06 12 15 13 29 20 22 18 17 22 27 15 23 30 05 21 19 16 22 13 26 19 06 30 16 07 24 13 23 04 
07 28 07 22 02 05 03 23 15 20 15 11 26 29 03 01 11 21 08 25 25 25 13 30 25 20 28 10 03 12 05 01 09 11 22 02 07 25 25 21 06 01 24 01 21 26 23 23 08 30 17 02 25 22 23 11 03 13 20 27 24 24 28 25 26 19 26 02 05 12 23 10 04 08 11 16 25 03 09 02 25 17 03 11 08 17 13 11 29 02 07 15 25 04 09 12 15 26 13 19 
30 27 21 03 04 01 11 28 25 11 21 11 27 15 13 05 02 25 07 22 18 05 06 04 01 06 15 07 24 28 25 15 24 07 17 20 29 19 09 16 29 30 26 26 06 01 22 07 17 20 21 05 16 18 08 16 16 23 22 01 12 09 15 05 15 23 16 14 12 25 29 10 16 16 27 21 08 18 20 25 29 02 21 15 19 20 30 26 12 14 26 15 22 10 12 28 03 27 03 14 
13 23 15 20 01 12 03 08 21 14 24 20 15 06 04 25 26 25 21 29 08 16 14 21 26 25 11 20 13 13 03 26 28 17 07 28 20 09 27 11 22 13 22 28 18 17 23 05 11 05 04 11 20 09 23 07 25 03 26 07 08 20 02 27 29 01 16 18 09 04 20 23 16 11 20 26 27 04 22 30 08 25 02 20 25 24 18 19 19 06 26 18 17 19 06 15 19 21 25 20 
24 06 12 02 09 23 27 27 19 18 26 18 05 19 29 21 13 17 10 23 14 27 02 30 15 07 07 26 27 23 15 12 28 18 13 06 10 09 03 20 19 20 08 15 09 06 05 13 14 06 27 19 02 28 19 17 04 17 12 22 09 18 03 06 05 16 04 06 16 28 26 04 17 25 10 17 22 15 21 06 20 17 16 14 14 04 30 09 12 03 30 20 20 03 26 24 18 21 21 03 
18 16 29 26 02 30 13 24 14 03 21 26 12 06 09 25 02 30 04 13 02 25 03 13 27 20 28 14 10 18 09 27 26 29 14 27 28 26 20 04 21 10 21 24 16 21 10 17 20 13 29 13 30 23 17 26 12 14 02 13 01 02 01 18 30 15 15 19 02 26 22 14 28 12 07 05 02 17 21 13 21 11 17 20 26 03 16 07 08 09 20 01 10 12 18 01 26 24 19 28 
20 11 11 17 14 10 21 08 26 03 12 08 05 29 28 30 23 05 29 01 13 10 01 14 21 10 14 17 04 02 06 15 04 08 23 10 17 05 17 12 07 28 12 03 18 09 25 03 05 15 03 09 24 25 22 06 26 27 14 29 20 19 05 24 27 27 03 05 01 11 09 29 30 20 02 18 28 18 12 24 02 06 02 17 30 23 22 25 19 06 16 30 16 20 15 04 17 09 09 09 
19 17 08 19 06 09 28 25 26 09 18 19 06 19 05 05 03 26 21 13 23 28 12 09 10 27 04 26 05 12 04 16 20 03 04 17 11 23 11 28 23 20 08 28 30 12 24 02 30 06 14 22 04 18 22 13 14 18 30 10 29 25 25 19 28 20 05 30 04 08 20 18 27 27 15 27 01 30 20 30 06 26 13 01 13 27 05 18 14 26 27 12 12 22 22 09 03 19 01 07 
18 20 24 06 08 01 24 08 30 14 07 27 09 12 19 13 08 15 30 21 10 26 24 22 09 08 22 12 18 22 18 05 03 03 10 03 03 04 10 25 09 09 13 17 20 02 29 19 16 20 01 18 15 24 09 16 23 30 27 10 14 06 06 08 08 16 10 03 11 20 27 19 20 09 27 01 02 25 19 18 14 19 05 20 04 05 05 19 26 23 28 09 28 26 17 28 11 18 30 13 
29 26 01 18 26 27 18 28 13 06 07 18 16 11 07 12 07 04 30 02 26 27 03 16 14 11 13 24 28 04 28 27 29 28 06 16 16 24 13 20 21 19 07 07 21 06 10 27 09 09 21 26 27 23 11 11 03 15 26 22 18 24 18 08 13 24 24 29 09 28 18 29 17 25 27 29 22 06 18 22 06 08 17 03 22 20 13 16 04 08 07 14 01 17 21 14 02 06 04 02 
04 21 22 12 07 19 02 28 16 19 19 22 18 28 16 01 17 28 16 12 05 15 25 28 01 08 11 24 13 14 25 16 26 16 19 03 26 21 22 04 09 03 17 19 30 02 19 08 29 27 11 25 11 06 22 03 13 24 18 17 07 12 25 25 19 13 19 07 03 10 10 04 04 18 14 25 19 24 02 09 20 13 25 30 10 17 24 14 10 11 30 09 14 24 25 03 29 13 09 01 
22 10 26 18 27 01 12 07 25 06 07 14 10 01 06 19 17 29 02 19 10 23 19 23 09 13 17 07 25 17 07 08 26 25 25 14 25 29 12 19 04 18 25 13 19 30 23 27 28 16 07 07 08 25 22 16 29 08 22 15 25 21 15 12 07 09 26 01 07 07 12 02 17 06 14 05 05 06 23 02 21 30 01 21 16 22 06 15 21 20 21 15 10 05 19 16 06 06 08 04 
12 11 06 20 16 11 24 12 17 09 06 29 08 06 19 23 19 17 29 09 06 12 16 07 16 26 14 13 01 21 17 12 24 14 24 01 24 09 13 02 17 18 01 24 15 11 09 25 27 07 25 02 18 02 30 26 27 13 08 27 26 16 01 19 21 24 19 15 02 01 16 19 10 08 04 16 19 12 02 15 11 27 09 20 20 08 15 17 13 15 13 08 22 05 26 13 28 14 19 22 
07 26 02 08 04 05 16 14 09 17 20 11 05 20 30 25 20 07 11 02 13 15 09 26 20 04 30 17 09 18 30 07 06 01 15 01 28 22 14 28 08 25 08 13 15 29 07 04 05 17 05 09 01 05 05 12 30 04 29 08 14 20 15 11 21 21 11 10 12 16 07 11 10 06 23 24 04 29 19 01 07 15 09 30 19 05 11 18 01 01 18 14 13 24 24 03 06 26 04 09 
11 02 19 20 07 12 06 10 02 16 02 01 23 11 30 11 15 02 21 07 25 30 20 07 15 05 01 20 22 04 28 02 05 16 14 03 19 11 04 21 26 06 13 18 08 04 21 14 05 03 21 21 24 02 27 08 29 19 27 20 22 24 14 18 01 27 12 20 07 16 02 24 13 14 04 20 17 24 03 13 18 15 04 11 17 22 18 07 11 06 26 24 29 01 04 29 27 15 10 25 
30 11 11 04 24 14 23 02 29 18 15 16 24 10 18 10 01 27 16 03 02 04 27 30 04 30 20 23 06 30 09 06 02 19 01 18 02 24 19 22 03 25 29 26 04 16 28 27 12 05 21 13 30 17 04 26 08 24 18 14 15 26 11 16 07 11 03 30 26 14 22 20 08 20 08 04 28 05 30 09 01 20 14 01 29 17 26 28 02 05 11 16 22 13 24 20 16 18 20 11 
01 03 23 01 14 30 04 11 26 25 20 26 14 25 18 04 11 05 24 13 01 04 20 23 09 05 04 24 23 23 04 23 25 18 23 09 17 18 11 12 12 22 30 18 16 09 21 27 06 14 01 06 10 12 20 10 17 24 03 09 08 28 23 03 16 08 03 02 25 13 06 07 05 05 16 12 05 28 30 10 04 30 16 13 12 27 22 20 20 16 28 20 13 12 22 28 19 16 22 06 
20 27 04 16 23 19 28 27 16 27 29 19 19 14 23 22 02 06 11 14 21 30 03 26 11 16 23 22 01 14 19 12 02 14 20 24 02 17 13 09 05 11 20 15 16 04 28 09 02 08 22 14 29 24 09 02 01 02 23 01 07 03 05 01 16 24 16 09 02 28 09 28 30 28 13 07 24 10 16 25 10 29 08 30 15 17 01 15 10 15 08 08 17 12 08 02 27 24 02 28 
13 11 25 05 08 29 03 23 01 10 09 02 09 17 01 23 25 02 07 26 16 14 25 03 17 03 26 13 18 28 02 22 08 27 18 07 17 21 22 17 30 30 18 08 08 19 22 02 20 21 19 27 26 14 21 13 08 17 17 17 06 19 08 05 07 26 03 23 08 24 10 07 24 19 07 01 07 28 25 18 10 05 15 06 10 05 18 17 13 04 03 10 22 03 14 28 20 17 13 27 
10 22 25 25 10 01 26 09 21 12 26 30 16 02 05 26 29 14 04 11 10 29 13 01 23 26 21 12 12 03 30 14 16 24 08 17 17 25 17 29 28 13 20 06 06 17 23 04 30 26 07 09 16 19 02 08 06 14 11 10 08 10 23 15 26 22 01 04 09 18 24 06 22 13 03 19 29 25 15 21 13 21 21 28 01 22 06 28 27 16 07 04 18 21 18 13 13 11 08 13 
20 01 10 03 13 13 21 04 07 05 16 19 17 06 09 17 20 14 07 16 21 13 12 08 04 21 12 08 23 19 20 12 19 29 14 24 11 27 19 10 01 04 20 18 01 28 26 20 03 02 28 24 07 09 23 10 21 05 17 14 23 06 17 04 26 23 27 29 19 07 30 11 10 19 20 02 09 16 22 03 09 11 26 07 11 11 16 01 15 24 06 29 21 23 02 17 15 20 15 25 
18 06 05 19 24 25 21 24 02 04 27 02 14 14 09 24 24 16 16 30 10 22 29 30 06 22 16 12 04 22 06 21 19 02 10 05 18 22 28 11 25 24 13 30 30 13 23 23 28 30 23 07 13 13 29 10 26 06 21 29 20 18 12 08 12 13 12 29 04 10 10 28 25 14 27 24 26 11 09 15 02 23 22 15 05 12 24 30 17 07 21 06 16 02 14 27 14 17 26 09 
18 27 06 13 10 24 28 27 26 06 11 27 28 24 03 24 05 19 24 14 17 06 19 02 07 24 29 12 03 16 20 20 04 17 02 13 10 22 01 27 27 11 15 17 05 10 02 01 28 17 14 14 22 25 15 28 10 05 09 12 20 28 02 23 14 25 27 15 16 27 03 05 30 18 21 04 27 14 26 16 01 02 29 22 26 05 20 05 10 20 09 21 18 10 06 23 04 02 30 12 
21 02 16 20 11 28 15 07 11 10 14 11 11 04 03 28 09 22 25 10 03 03 22 20 12 27 05 07 21 26 18 11 27 03 22 08 30 06 06 11 07 12 13 10 15 15 07 15 28 01 16 01 03 08 12 06 26 16 13 16 11 22 18 30 17 09 29 16 14 26 18 21 07 01 30 22 07 28 28 05 21 14 05 23 21 16 21 08 24 25 24 26 16 11 17 02 20 15 10 25 
11 27 07 09 19 28 22 26 26 20 22 16 03 26 30 15 03 20 22 18 06 15 14 22 18 30 15 29 07 24 15 09 13 22 17 23 19 09 18 06 28 09 13 22 26 13 06 29 24 27 16 30 04 21 13 13 21 27 11 19 21 17 27 25 08 13 17 19 13 27 24 10 05 07 01 23 11 28 21 26 17 28 17 20 11 21 24 01 18 26 11 30 12 07 24 20 19 02 08 24 
28 23 03 25 21 26 17 23 15 29 19 01 26 27 12 06 18 05 28 27 30 30 26 12 06 11 01 17 12 30 10 10 22 04 26 05 21 12 27 06 10 07 06 27 26 10 25 13 14 14 09 14 14 26 17 19 28 09 27 09 08 06 10 21 10 27 17 30 08 14 27 17 12 25 06 07 04 30 19 17 05 19 22 18 06 08 29 03 16 25 04 15 23 05 28 02 02 14 23 09 
19 12 18 01 06 23 29 09 14 18 25 18 28 09 28 04 16 26 28 24 12 01 30 04 06 19 27 07 25 12 07 13 23 24 05 28 08 04 28 13 13 14 23 10 22 12 05 30 07 03 15 10 03 06 14 30 25 10 28 19 13 05 23 05 20 28 24 20 23 13 24 05 27 16 06 10 27 03 01 25 27 15 05 21 13 10 21 07 19 18 17 24 14 09 28 26 28 14 15 20 
18 08 16 14 16 14 16 12 16 16 29 12 23 03 24 05 12 14 03 22 24 11 07 29 19 27 24 09 10 30 28 27 30 06 03 15 19 10 18 26 25 16 29 09 10 22 05 13 28 29 27 21 09 03 19 20 29 05 28 30 04 17 19 03 22 21 09 02 30 27 27 16 12 25 17 14 09 13 26 06 12 22 18 12 17 28 01 15 02 28 15 28 15 03 22 28 15 01 30 06 
27 26 13 30 13 29 13 21 12 01 18 15 14 05 26 30 02 27 07 26 16 21 23 30 15 14 28 21 14 27 26 02 14 08 02 26 29 06 08 02 06 25 16 20 29 11 11 23 07 17 18 23 29 02 14 05 15 03 25 21 21 20 22 05 20 15 22 18 21 22 19 18 16 04 29 07 06 10 29 05 18 08 19 17 09 02 21 23 27 08 05 17 27 27 13 08 03 27 25 23 
18 05 11 03 30 09 09 06 10 29 10 28 06 28 06 14 21 18 29 17 25 25 26 14 21 08 21 16 04 08 08 21 12 10 16 12 11 16 09 12 15 18 01 12 07 06 18 19 16 08 06 02 02 23 15 15 22 28 30 26 05 29 08 16 09 15 19 11 01 27 22 07 06 23 10 12 20 27 01 05 26 28 29 28 20 13 12 11 02 03 28 06 01 28 14 01 12 02 11 04 
29 25 02 04 17 12 08 06 30 08 03 26 27 01 23 16 05 26 18 07 20 08 12 12 05 25 13 08 19 15 04 09 09 05 12 17 16 11 15 16 18 17 11 14 09 25 21 05 12 01 11 01 08 15 04 12 01 16 11 19 23 14 27 01 19 01 10 26 11 24 11 21 02 13 26 10 29 17 14 02 17 17 24 16 01 28 27 23 13 29 12 27 13 30 28 01 22 29 26 03 
22 29 15 23 03 10 24 02 18 29 25 26 15 19 11 07 16 29 30 20 28 03 17 10 24 06 02 16 04 19 10 25 09 24 09 12 25 24 05 13 22 29 08 29 09 11 05 24 09 26 14 28 28 22 07 14 27 30 29 22 11 30 08 19 15 16 22 09 01 18 21 22 09 21 20 17 01 17 03 01 12 08 29 02 29 27 15 17 19 05 08 29 04 15 09 18 22 01 26 22 
10 09 05 10 21 17 27 13 03 21 13 06 28 03 07 18 22 13 26 10 17 03 08 12 09 08 21 22 30 09 13 10 09 09 19 29 25 07 11 19 27 15 25 16 10 23 03 01 28 28 02 06 22 01 18 22 08 30 13 08 08 17 17 16 26 27 06 12 04 08 01 22 15 17 08 24 01 02 16 28 22 09 04 13 09 21 05 16 12 17 23 20 26 01 27 21 28 25 02 23 
02 24 14 08 02 13 23 03 15 30 30 06 08 03 10 16 15 06 02 27 23 16 08 10 17 26 30 06 12 23 28 06 09 03 13 10 16 06 12 22 05 04 19 13 06 28 20 13 04 21 09 18 29 08 27 15 25 18 12 07 02 01 12 10 03 24 12 10 21 15 01 26 18 11 30 24 09 19 06 04 02 06 13 30 05 01 06 29 10 09 27 11 09 08 13 11 24 24 13 14 
30 05 01 18 16 22 11 16 11 08 19 04 05 23 25 01 15 22 29 24 30 26 26 08 25 08 10 18 23 22 02 23 19 02 02 04 16 04 19 26 11 29 21 07 13 07 07 27 28 27 12 27 22 07 26 09 07 27 26 21 11 19 05 29 13 06 02 28 09 12 23 11 10 05 17 22 11 15 10 08 12 21 26 25 27 13 03 25 09 21 16 19 09 20 09 21 26 10 18 04 
21 02 15 22 06 23 05 08 08 06 15 11 26 02 05 15 14 30 09 15 20 24 25 28 14 04 19 01 13 28 04 26 30 10 09 27 03 06 05 02 11 11 12 07 13 08 13 18 07 21 02 18 07 27 16 20 22 26 12 04 15 15 21 14 25 22 11 19 27 07 20 07 17 01 05 21 08 09 09 07 30 02 24 06 20 01 17 11 18 28 07 03 04 27 08 20 10 18 08 06 
24 27 05 03 27 01 23 27 10 01 03 09 25 26 06 14 27 14 17 06 03 23 08 06 11 16 26 21 25 25 18 11 22 22 13 10 23 05 28 02 28 30 02 22 18 29 27 06 12 13 11 06 27 11 03 08 26 28 20 12 15 29 22 06 21 04 07 05 01 05 28 28 26 21 19 13 19 07 10 22 20 21 27 08 01 29 07 18 19 26 29 03 25 21 30 07 16 28 11 16 
24 30 05 20 20 23 24 08 22 04 21 11 16 17 18 08 15 25 25 25 12 15 19 28 27 18 04 05 16 06 20 09 27 25 20 16 09 14 15 30 09 05 02 24 21 12 23 28 28 09 22 01 23 03 29 12 20 24 16 27 30 27 28 26 13 09 04 22 14 18 13 22 23 07 07 05 10 29 02 07 29 16 07 22 18 05 03 29 29 10 18 20 06 15 07 19 23 10 02 07 
20 06 20 12 12 27 16 21 17 10 19 16 25 26 29 04 22 23 02 12 02 19 01 07 25 30 17 10 01 18 08 20 24 27 01 05 15 09 18 24 18 06 09 12 01 29 07 15 21 08 26 14 19 19 20 05 18 07 14 18 16 21 08 09 10 30 06 24 08 23 17 25 20 17 28 21 07 26 27 27 26 22 02 14 10 22 10 27 20 24 07 27 06 06 06 15 05 11 01 05 
25 17 21 14 26 11 26 02 06 22 21 01 14 22 06 15 05 16 04 16 09 10 13 06 07 10 21 11 12 21 07 28 29 28 11 16 08 29 10 05 20 30 06 25 13 11 10 10 18 13 17 26 14 21 02 20 22 14 22 03 04 29 30 24 18 03 10 17 01 19 21 12 10 26 07 14 29 08 23 16 20 02 04 25 14 27 14 06 10 05 08 05 25 30 28 12 02 07 20 24 
25 11 05 26 28 11 10 26 18 24 12 29 25 07 23 09 03 06 14 12 03 13 08 19 04 05 23 05 04 12 28 20 22 03 16 20 05 25 07 15 18 10 13 05 16 06 05 18 03 18 21 27 22 28 16 26 25 08 22 28 19 12 17 03 06 02 22 10 18 20 16 06 30 29 02 15 04 06 03 28 15 15 25 06 13 10 23 29 09 07 26 27 10 12 21 15 06 04 16 23 
24 02 28 23 30 21 07 25 26 01 14 10 16 08 08 20 09 22 18 17 28 13 06 29 16 26 13 21 30 21 14 23 14 03 15 05 24 13 29 19 14 04 21 21 12 20 10 20 11 19 29 01 23 04 29 08 29 04 21 20 24 04 04 07 28 10 03 21 23 23 02 28 26 14 18 07 03 19 19 05 07 17 05 29 20 04 28 10 29 10 22 22 13 25 20 03 05 22 15 19 
14 08 16 01 21 03 08 15 21 18 20 19 04 24 09 15 19 06 24 17 16 07 30 20 02 11 22 28 24 29 16 29 06 23 30 27 25 29 11 07 16 30 25 19 16 25 25 26 30 10 05 07 17 26 19 10 07 02 07 22 30 14 13 06 06 04 24 22 02 26 20 09 18 14 27 03 08 13 20 29 22 24 28 08 20 08 17 18 09 15 09 01 28 13 28 25 16 21 16 17 
08 05 25 25 10 13 19 09 25 09 30 09 24 19 16 13 26 25 22 26 01 01 18 21 13 15 15 21 27 23 07 05 19 24 21 29 06 10 29 23 10 20 01 25 08 08 08 03 24 29 21 25 21 08 15 26 23 21 16 11 13 14 07 02 07 28 22 05 29 12 19 30 02 11 24 09 10 23 04 04 22 16 20 04 23 26 21 07 16 28 18 21 12 24 22 10 13 05 06 11 
16 16 02 17 26 26 18 28 18 13 23 01 28 04 05 12 29 25 19 06 15 28 26 26 13 09 27 26 13 03 28 29 10 30 07 06 17 16 25 04 28 17 05 17 20 01 29 10 17 09 15 01 28 11 18 02 19 15 19 02 09 17 22 18 08 28 15 24 06 09 19 03 25 15 12 06 15 02 15 02 02 30 24 29 02 12 30 12 26 19 13 04 27 26 21 26 16 06 11 21 
06 29 15 23 14 26 28 20 19 13 21 20 04 15 10 27 26 10 08 13 20 21 16 08 08 28 03 23 25 13 05 01 03 20 15 08 07 12 28 26 16 10 07 11 24 17 07 11 18 15 23 29 27 30 06 04 20 30 19 14 04 23 06 06 04 20 06 03 24 03 28 09 12 26 12 28 04 18 30 21 02 15 19 28 06 16 24 25 15 12 01 18 26 06 16 30 18 13 24 11 
15 13 11 18 08 22 07 12 10 07 24 03 13 13 23 18 20 16 13 05 19 13 14 14 10 21 05 19 03 28 21 09 10 02 27 10 15 25 21 16 01 14 11 05 18 03 23 08 10 27 04 28 01 09 03 10 30 30 21 24 19 11 03 21 04 21 30 19 15 12 26 08 17 06 12 05 08 04 04 17 30 29 06 30 07 09 02 28 30 22 22 18 24 24 08 28 06 07 08 20 
10 03 27 27 01 09 23 08 04 26 17 04 24 22 25 22 22 18 20 21 01 03 09 25 18 08 14 23 15 21 12 16 15 01 12 15 01 04 15 04 29 23 29 14 14 16 28 28 03 09 10 04 11 10 20 20 18 25 12 24 15 15 09 21 15 21 28 15 24 12 11 15 04 09 20 09 24 09 28 19 17 08 14 19 17 03 08 04 19 11 19 25 26 28 15 02 10 12 09 03 
15 19 09 18 19 21 27 13 29 24 23 16 23 06 04 10 30 04 05 18 14 24 12 09 21 18 03 30 30 03 24 14 21 25 24 01 07 12 05 05 05 27 12 20 02 08 29 23 11 25 10 16 18 21 17 30 01 19 21 30 21 07 05 03 01 28 03 07 01 08 03 06 26 15 17 28 14 15 20 16 09 22 01 19 04 17 18 04 05 01 25 17 07 22 19 29 11 14 05 12 
13 29 09 08 05 25 27 18 01 09 03 09 30 04 19 25 12 29 29 17 29 15 25 05 06 06 25 17 19 21 28 23 19 06 30 24 30 19 03 30 27 28 30 18 23 19 12 04 09 02 12 07 17 07 03 22 12 27 08 22 17 27 14 27 02 13 12 01 23 15 22 19 12 22 28 04 02 10 29 10 11 11 08 19 17 02 11 20 20 10 11 28 07 24 24 30 28 06 01 21 
12 14 01 15 05 29 10 28 30 08 29 02 18 28 21 26 29 23 15 10 24 17 07 30 10 01 30 30 28 22 12 09 27 12 23 24 02 24 21 01 01 12 03 19 09 15 06 08 07 21 09 30 07 16 22 09 08 13 08 05 26 11 05 22 14 19 15 16 12 28 08 12 09 10 22 17 24 28 16 22 10 25 22 16 10 05 16 17 17 23 13 04 25 17 25 09 27 02 16 08 
29 23 11 07 25 03 23 10 22 01 02 01 25 15 08 26 19 24 04 27 08 16 30 03 24 24 03 20 25 18 27 15 10 29 21 26 01 06 06 14 06 07 14 22 13 22 17 01 15 20 19 22 27 18 16 20 03 18 01 20 05 27 04 07 25 25 02 18 30 29 01 27 27 07 18 09 28 26 01 04 07 19 17 03 06 03 14 01 12 14 20 17 02 23 15 18 09 08 05 30 
07 28 26 03 04 05 12 23 30 12 18 06 23 04 30 20 28 13 20 10 26 01 18 19 16 24 07 24 23 11 16 29 30 03 24 25 08 27 17 29 08 26 27 22 22 26 12 11 01 01 12 26 24 21 07 09 14 13 24 07 15 09 27 15 12 20 09 19 16 18 09 16 13 05 07 26 01 10 07 01 03 18 18 26 09 24 04 14 06 27 12 21 06 09 27 09 20 05 19 06 
14 27 13 27 02 11 14 02 21 20 24 15 30 11 10 08 05 05 21 02 01 03 14 28 03 10 06 22 15 24 19 28 21 01 16 14 04 22 15 24 11 08 08 10 10 09 09 06 13 22 08 05 24 21 25 18 23 22 09 07 16 28 26 28 20 04 11 23 25 17 08 27 16 07 29 25 15 07 01 27 28 30 24 13 12 18 30 04 09 01 10 16 20 28 05 09 23 07 24 09 
23 01 05 30 08 03 25 14 02 17 03 29 16 26 04 27 13 25 01 13 25 02 29 06 21 03 07 13 10 30 21 24 22 18 24 21 12 10 05 13 26 29 04 11 24 07 29 28 23 29 02 10 23 30 15 13 25 21 26 04 12 08 19 04 25 04 16 07 13 12 19 08 10 22 10 25 20 09 14 13 29 16 22 21 07 28 04 01 19 21 26 22 28 15 17 23 18 03 29 23 
14 09 30 16 23 02 02 12 02 08 16 30 15 29 13 21 27 16 22 07 06 09 28 25 15 15 17 03 17 15 17 22 16 08 29 08 09 23 19 10 30 27 02 14 25 14 26 13 29 09 19 26 18 17 20 02 01 29 26 09 13 12 22 20 20 21 27 28 13 08 30 04 04 01 09 20 14 04 03 04 13 21 29 22 29 10 23 29 08 11 29 13 22 21 02 03 11 29 01 15 
28 22 10 23 22 18 12 27 13 06 30 17 27 20 08 25 29 23 16 29 03 14 11 24 04 04 27 06 24 19 12 21 10 13 13 23 22 17 11 05 22 10 21 18 29 21 05 19 13 12 09 15 25 19 30 21 15 26 18 08 06 30 29 07 04 03 21 26 19 01 30 11 10 12 20 30 02 16 11 06 27 19 20 14 30 20 04 14 07 21 13 13 12 03 19 16 06 10 03 16 
02 02 18 04 05 30 03 29 15 05 04 04 16 24 17 15 05 12 20 11 24 24 15 28 27 04 05 24 05 07 01 28 30 19 01 04 18 26 02 24 30 28 27 15 21 05 21 25 16 02 27 02 18 12 29 14 07 03 29 03 09 29 30 30 09 01 03 18 18 27 12 17 24 30 24 06 05 06 22 12 30 18 13 17 21 03 22 27 05 12 21 05 02 21 04 11 13 29 28 30 
17 01 08 10 01 01 15 27 29 06 30 28 15 05 06 06 07 19 24 04 30 15 30 01 05 26 11 09 16 01 30 02 01 07 03 23 30 17 11 20 14 11 09 20 07 14 25 05 02 11 08 23 25 30 23 21 17 26 29 02 18 28 03 18 26 05 03 25 13 13 14 18 15 14 29 13 27 16 18 20 26 17 12 20 16 27 10 02 14 30 25 01 19 19 18 14 15 12 01 27 
17 06 06 23 20 05 06 08 20 23 28 15 09 01 26 17 19 27 10 02 26 05 02 14 15 12 27 30 23 27 18 01 25 24 24 14 20 21 21 01 13 10 07 13 11 02 21 29 28 01 01 23 27 02 28 11 05 24 02 28 13 20 20 07 05 13 12 24 03 02 24 07 12 30 12 14 23 02 04 12 24 04 26 12 28 23 15 02 08 16 21 20 05 11 18 09 15 21 24 10 
15 09 16 18 30 19 01 22 21 04 03 06 30 28 18 19 12 02 12 20 17 03 01 14 05 19 22 19 01 08 28 15 16 06 02 16 24 24 29 14 28 02 20 19 21 29 07 03 30 18 22 16 12 22 29 16 02 13 05 25 12 24 09 27 29 03 04 23 26 03 28 15 26 09 03 16 07 01 10 06 11 01 14 14 15 04 30 08 16 26 02 27 19 03 16 10 05 19 02 30 
21 21 15 08 30 09 24 06 10 25 04 12 18 17 25 02 20 16 01 28 11 03 16 22 27 23 23 01 12 24 30 24 14 06 02 05 15 17 03 16 11 06 27 28 14 13 21 25 29 14 14 01 08 30 14 04 22 06 04 25 29 25 19 05 01 12 09 07 20 03 22 22 08 10 20 13 22 02 08 12 15 21 13 22 12 26 25 26 02 20 20 22 15 30 18 15 03 19 21 22 
21 04 14 21 13 25 03 26 26 10 08 03 23 12 16 04 07 11 29 30 30 19 14 06 10 23 20 13 11 02 04 24 27 17 14 01 03 08 27 21 18 26 23 02 07 08 05 05 10 26 27 02 06 10 07 15 02 19 27 05 20 23 20 09 01 25 09 04 02 27 24 19 22 16 12 20 15 17 25 25 12 21 18 09 22 24 23 15 12 12 11 24 04 30 02 04 24 02 29 26 
29 22 06 12 29 10 02 14 26 18 30 29 30 17 07 21 10 21 27 14 02 08 07 05 29 30 01 23 01 29 10 21 21 07 03 11 16 26 24 03 05 15 01 04 23 29 16 03 20 12 08 13 11 06 18 10 27 10 24 19 08 03 10 20 01 04 01 09 21 16 11 25 23 04 20 15 24 27 09 13 30 16 18 11 21 27 12 09 06 05 28 05 29 07 25 29 02 17 07 22 
24 10 08 16 13 19 01 06 15 09 11 14 17 20 16 29 16 27 08 21 01 05 25 21 03 11 20 04 19 18 17 13 27 24 20 01 12 20 29 18 21 01 01 29 20 09 27 05 27 26 17 28 30 03 10 24 06 29 27 24 09 13 28 27 28 18 20 01 07 18 18 19 10 11 09 29 19 06 25 15 23 11 04 15 13 14 08 18 04 05 04 04 09 01 01 29 18 20 29 17 
29 17 27 08 19 06 06 29 11 30 05 25 02 01 09 14 06 17 24 09 13 27 05 13 27 05 11 15 16 10 23 14 18 19 21 28 24 18 26 26 17 22 21 18 22 29 23 27 07 16 28 19 04 02 24 01 28 04 07 13 05 29 26 14 09 08 11 03 25 28 28 03 20 10 12 03 09 04 30 07 12 19 18 15 20 11 07 17 14 05 21 11 25 16 16 04 15 27 28 09 
16 25 11 27 05 22 30 05 17 21 11 28 09 28 05 28 08 03 06 14 30 26 16 24 03 01 19 17 19 16 25 05 03 27 23 07 18 22 03 26 12 13 24 20 03 20 09 02 14 14 07 13 01 22 29 03 23 09 19 11 25 05 07 19 01 30 25 10 13 19 06 25 23 21 06 25 02 15 19 15 20 25 20 21 17 10 23 09 18 04 11 04 08 18 22 01 09 08 10 21 
26 07 07 19 27 13 05 20 19 23 05 08 18 16 28 26 17 13 26 26 16 06 30 15 15 13 15 15 13 25 06 30 23 12 18 20 16 15 09 04 29 05 12 16 12 09 11 28 13 28 24 28 04 15 13 10 27 27 25 01 13 22 01 06 25 10 17 11 24 17 14 23 14 17 30 25 18 03 15 30 30 08 28 25 14 02 05 02 28 29 03 03 12 03 30 06 12 08 16 06 
16 22 20 29 08 19 16 25 13 30 25 13 29 14 07 04 15 03 05 04 01 07 28 04 09 27 10 21 26 25 18 12 08 07 02 16 17 09 02 30 30 18 12 28 01 10 01 07 13 06 11 05 04 30 09 13 19 18 03 14 04 20 17 12 18 11 19 04 19 20 03 19 08 06 08 30 16 09 07 20 06 09 24 09 08 02 13 18 11 15 02 07 26 10 18 13 20 28 09 09 
17 03 27 16 09 26 08 16 26 14 05 01 14 28 02 13 22 14 01 24 21 24 30 08 03 09 13 23 06 21 23 15 23 11 30 23 06 07 08 02 12 04 24 17 02 17 30 15 23 30 08 05 15 08 12 17 16 24 01 14 06 15 28 21 25 19 13 23 18 13 16 29 16 09 16 17 18 07 23 10 28 01 14 12 30 17 28 07 03 21 20 08 05 17 28 22 06 03 14 23 
15 29 13 30 29 20 09 16 26 01 25 15 23 30 26 22 09 16 29 11 28 18 18 02 05 08 23 02 10 06 16 16 26 28 15 25 18 23 10 05 16 27 20 08 18 07 30 26 22 20 06 19 07 16 13 03 23 05 26 24 03 11 09 20 09 15 14 18 08 16 14 15 12 03 22 21 02 13 17 15 02 14 04 01 29 08 03 13 04 21 06 06 01 06 18 01 21 01 10 20 
16 24 04 19 18 17 02 19 22 18 04 23 01 29 15 22 06 18 04 09 30 02 07 30 07 24 01 19 16 02 08 24 25 03 04 13 12 05 01 03 22 26 17 15 24 02 28 21 11 01 30 10 02 28 01 01 13 23 19 28 25 19 21 19 13 25 01 16 21 24 18 05 19 05 19 05 28 16 25 08 08 16 09 02 05 09 02 17 02 12 15 26 22 27 14 27 13 07 12 04 
22 30 08 02 26 18 06 15 25 23 22 24 08 30 25 13 08 18 21 09 22 27 26 13 24 10 01 28 08 13 23 29 04 22 30 21 09 06 05 25 20 18 19 19 17 13 01 16 01 14 17 14 10 12 18 25 13 19 23 20 01 15 10 26 07 10 16 07 07 20 02 26 07 20 14 15 24 07 22 16 20 30 29 21 12 17 16 16 05 08 28 27 14 07 22 12 08 07 19 14 
18 12 01 16 23 07 22 16 13 13 02 24 13 30 14 16 16 29 23 12 28 20 08 12 19 29 15 26 27 25 10 14 06 02 21 20 08 12 06 20 25 07 05 29 28 19 14 06 09 06 17 07 18 17 10 06 15 16 01 12 11 02 17 08 04 08 28 03 11 03 23 05 01 19 25 20 07 30 25 08 06 04 06 15 20 15 12 04 22 12 07 02 06 16 10 01 15 29 03 25 
23 17 22 23 06 16 04 04 16 29 03 13 02 08 27 13 14 30 08 06 11 15 07 08 22 08 30 06 28 03 22 20 11 13 04 08 21 08 12 06 06 14 10 29 22 28 11 27 27 18 02 29 24 01 07 07 08 28 12 06 22 26 17 03 08 21 10 28 28 13 25 25 19 04 23 02 01 25 28 27 04 30 26 20 30 24 26 29 21 30 26 13 25 13 07 24 25 16 22 22 
