100 100 30
15 23 09 15 06 30 05 02 11 07 24 18 04 06 13 10 22 01 12 20 12 27 03 26 14 01 13 10 16 09 23 30 02 01 07 29 30 03 23 03 10 16 12 13 13 25 14 26 17 26 15 21 14 09 16 28 02 28 07 17 29 30 08 22 22 14 12 14 17 04 08 18 11 19 22 23 13 28 18 22 15 25 12 28 25 19 25 26 08 24 04 06 15 12 27 28 17 09 03 25 
12 10 12 23 29 26 07 03 23 17 24 07 03 27 04 27 15 21 15 23 06 18 28 12 21 25 09 08 25 12 02 06 21 06 20 19 01 19 14 15 27 07 21 29 04 16 17 10 28 23 02 03 11 22 14 23 08 15 30 02 26 24 07 08 21 19 19 13 29 02 27 25 08 09 23 03 16 01 13 14 24 06 08 26 27 22 18 26 06 10 27 23 25 26 30 15 14 18 19 12 
19 07 06 19 15 20 21 22 20 25 05 05 01 13 30 19 26 10 15 23 19 03 15 05 28 14 11 03 02 29 06 12 05 03 30 11 22 13 02 04 07 29 30 29 03 22 10 28 01 16 12 11 18 26 15 16 01 25 10 24 15 16 06 19 18 27 21 02 09 22 27 08 12 26 06 14 17 07 03 09 22 14 19 10 01 25 17 02 11 18 25 25 03 22 13 13 19 03 14 27 
17 02 26 20 27 02 26 06 30 20 14 22 26 25 23 26 19 01 19 30 18 14 24 13 05 29 25 15 23 30 04 01 23 29 21 19 22 16 16 22 27 22 05 22 16 27 18 26 19 06 17 06 11 03 10 08 01 04 22 15 25 25 16 17 24 28 28 07 05 05 28 01 26 02 23 03 20 02 29 08 29 15 06 10 09 15 09 01 11 30 16 05 17 23 14 02 12 11 08 16 
07 28 08 03 29 22 05 11 15 25 18 14 02 23 15 10 08 23 11 18 14 18 14 22 10 27 23 13 29 23 20 28 12 27 30 10 11 04 12 25 21 30 30 22 22 06 01 21 20 11 30 04 20 14 17 21 02 02 03 23 16 22 20 27 11 11 28 13 06 10 07 26 09 29 17 22 04 18 13 24 20 12 19 10 17 05 22 11 28 25 25 13 08 14 09 18 24 07 30 21 
16 29 17 24 19 03 15 22 12 19 07 02 23 25 03 01 22 24 11 19 10 05 02 18 10 10 27 25 16 19 16 23 17 02 16 27 26 23 18 08 03 25 01 17 11 25 18 02 10 20 13 20 25 14 29 26 15 25 21 23 13 06 15 21 29 23 17 24 07 27 01 09 13 23 26 23 17 05 17 27 24 29 08 10 04 06 06 18 30 26 10 05 23 25 25 21 09 04 14 15 
22 07 23 04 29 10 18 16 06 04 04 30 24 11 09 27 16 14 07 07 01 16 11 15 02 28 05 10 23 11 16 14 09 01 17 07 10 26 14 16 22 09 07 15 19 15 04 26 21 10 03 13 25 13 28 19 02 24 20 24 26 06 07 04 06 15 03 07 11 08 22 02 17 20 08 05 05 11 23 17 20 25 29 07 29 18 25 01 12 14 16 07 19 15 03 16 29 05 23 01 
12 14 24 20 04 02 17 30 12 09 08 24 25 28 30 23 16 16 15 19 29 01 17 10 15 19 25 05 15 17 28 19 23 21 08 18 22 24 09 26 24 16 19 18 13 10 11 20 25 17 08 23 09 17 24 15 05 19 20 12 27 09 30 19 29 07 28 13 23 06 08 08 21 18 26 26 27 28 15 21 06 15 05 15 01 21 29 27 01 10 08 27 18 07 08 17 06 05 29 20 
11 28 27 23 07 14 18 03 03 25 15 09 09 11 23 01 01 13 27 23 23 27 20 02 03 19 18 30 15 08 19 17 27 08 10 03 13 19 27 16 05 11 16 13 14 30 05 06 04 24 29 26 20 10 28 14 20 07 14 04 07 24 21 03 23 22 28 28 02 24 05 07 27 20 11 02 11 16 07 14 09 27 02 20 06 29 03 25 27 08 21 03 24 03 28 08 24 17 05 17 
10 09 23 28 28 04 29 30 11 06 14 11 24 15 30 30 05 24 16 23 24 28 26 17 30 15 24 15 01 21 02 02 29 24 30 19 19 28 18 29 25 23 09 19 29 30 10 03 24 17 26 17 15 13 25 14 19 10 29 11 30 30 12 29 15 11 17 04 01 26 24 17 19 03 05 17 02 06 12 17 23 29 25 07 03 19 20 13 29 10 23 20 01 04 10 16 07 18 11 07 
14 04 23 24 06 20 02 30 25 05 16 17 25 11 15 27 21 27 09 11 06 01 01 07 27 10 14 03 28 24 01 03 27 15 26 25 04 27 24 21 24 01 29 18 03 14 15 24 02 15 04 07 08 04 05 04 06 18 28 03 11 28 05 08 04 22 02 30 10 17 20 03 17 10 21 20 15 27 05 16 11 08 23 10 04 27 05 09 15 02 03 17 21 29 24 25 20 17 24 29 
03 05 02 12 14 14 23 21 10 27 06 12 04 20 22 29 09 26 29 15 20 01 01 02 29 25 18 10 03 03 09 28 29 02 09 13 15 01 25 16 19 30 27 22 12 10 13 20 28 11 04 09 12 04 10 02 20 20 12 23 22 20 20 21 13 20 25 19 20 11 04 08 10 22 21 21 02 25 02 21 06 05 29 09 09 30 10 20 19 21 12 03 02 23 15 06 12 01 24 23 
11 19 22 12 11 13 25 04 29 26 16 04 01 14 12 01 05 14 20 16 26 24 10 20 16 24 25 28 24 19 20 26 29 12 07 09 16 01 04 14 27 19 10 19 24 13 19 21 26 30 06 22 23 15 11 09 30 27 28 15 15 09 10 06 20 08 14 27 09 10 03 27 20 12 07 06 24 17 26 12 16 23 25 01 29 05 01 28 01 28 04 08 06 13 13 18 12 18 06 20 
19 08 08 01 11 14 06 27 22 23 30 08 15 24 30 05 20 30 24 12 27 27 19 24 01 23 03 12 03 09 02 13 08 01 13 11 07 18 07 28 10 28 27 16 21 26 20 10 25 05 21 21 01 02 07 01 16 09 13 18 09 06 01 17 06 13 19 04 23 17 02 24 14 28 02 04 16 21 05 10 18 25 23 18 18 29 19 04 29 23 13 08 28 13 16 25 18 04 29 02 
20 22 25 25 11 26 28 26 09 02 06 26 18 20 13 06 10 23 09 08 15 21 07 04 26 14 29 05 09 19 06 20 10 30 14 12 18 11 08 26 04 05 13 22 24 17 19 25 10 19 02 16 09 01 20 26 06 18 30 15 28 27 04 07 19 10 18 06 12 17 23 16 21 27 29 06 13 17 30 22 05 24 30 05 16 19 23 21 28 14 27 25 11 01 23 29 10 10 26 21 
19 10 28 09 06 18 07 18 04 28 02 30 13 01 27 28 11 19 11 08 02 07 24 12 29 16 02 08 17 19 21 05 28 10 06 03 28 12 21 23 01 14 23 14 14 19 11 16 29 13 15 30 20 08 04 18 23 27 18 01 16 30 06 13 09 11 08 28 14 28 21 14 03 13 19 08 23 22 23 13 04 07 12 15 14 07 03 28 04 12 20 19 11 25 23 11 27 30 09 02 
19 29 08 21 03 26 28 17 17 12 29 13 18 02 27 23 01 29 12 04 02 02 14 04 18 06 15 15 06 15 08 16 05 15 07 29 03 26 15 19 08 05 23 17 28 20 02 28 10 13 01 12 14 06 15 02 12 21 08 09 05 15 24 09 22 22 07 24 10 13 04 09 17 27 25 07 16 26 04 25 01 27 28 14 02 13 07 05 25 06 13 30 21 29 30 12 12 07 27 21 
11 30 29 20 26 16 26 11 03 29 28 03 17 25 09 19 29 07 23 24 13 28 23 25 18 22 06 29 20 02 12 01 01 02 20 19 17 07 29 12 05 26 14 14 13 14 02 11 21 16 04 25 05 18 19 22 02 16 13 21 17 24 13 09 25 24 27 04 30 18 15 27 05 20 10 17 26 03 28 08 10 23 02 15 03 12 28 04 27 02 24 05 25 29 05 12 22 02 07 14 
11 13 10 15 02 19 24 19 13 13 26 22 05 19 28 07 22 26 02 18 19 26 22 14 16 27 17 29 20 23 12 22 05 21 06 28 01 21 09 13 03 26 05 30 15 02 06 06 19 08 16 08 25 07 13 02 25 21 30 06 05 12 27 09 02 25 28 03 15 06 07 18 02 11 17 08 05 14 05 15 13 20 14 29 19 18 30 05 08 22 03 12 03 21 12 26 15 02 20 22 
29 27 01 22 29 09 21 25 14 18 02 27 29 07 17 09 25 09 14 24 30 16 28 24 06 01 11 13 02 01 04 23 19 26 14 09 04 27 26 17 14 27 05 12 03 22 21 19 30 26 05 21 03 02 06 30 02 16 12 26 16 07 10 26 02 15 05 27 11 30 14 24 26 18 28 20 01 18 01 22 13 05 12 15 28 17 14 21 03 18 08 10 16 17 06 18 02 02 14 12 
01 19 28 18 07 25 29 29 04 29 21 08 25 02 14 22 11 19 13 05 06 20 06 14 07 11 23 30 12 28 03 04 17 30 21 15 16 20 13 11 10 03 18 05 27 23 26 29 12 30 03 09 20 08 22 18 11 14 09 14 12 11 18 20 03 30 04 10 19 08 21 21 11 30 25 29 23 12 27 26 12 21 04 23 20 18 02 22 01 10 06 04 20 15 23 14 14 26 24 25 
04 06 15 06 05 09 26 19 12 14 06 23 26 10 07 07 27 08 29 19 09 26 23 21 10 07 04 15 03 27 09 28 02 23 25 29 23 20 09 05 25 15 19 20 16 26 26 04 25 16 22 26 03 06 16 04 13 19 19 07 08 27 26 01 12 20 21 26 01 30 30 17 06 11 06 13 28 23 16 14 01 29 09 03 27 24 07 09 05 17 07 04 05 02 04 16 13 25 12 05 
16 03 21 13 13 18 25 10 02 02 24 02 30 24 05 18 18 03 26 14 19 24 17 23 25 12 01 07 06 04 03 13 06 23 25 11 10 11 12 12 12 05 05 04 29 01 21 08 03 09 13 13 02 21 06 27 02 28 25 30 01 28 04 28 12 29 08 14 01 20 17 05 16 21 08 06 14 20 13 16 28 17 21 30 07 18 18 01 15 04 30 15 23 03 04 05 23 12 10 16 
01 26 20 08 08 27 14 21 16 18 29 06 05 19 27 03 06 14 03 12 09 24 18 02 19 21 28 03 02 07 18 24 24 29 02 01 25 07 14 03 24 04 30 20 22 26 23 19 09 17 22 17 03 09 10 13 29 07 15 23 05 25 08 28 23 01 21 10 07 04 04 01 29 03 12 20 20 26 30 20 05 21 28 07 29 08 19 19 14 25 11 11 11 19 08 04 19 28 05 18 
23 08 10 21 02 21 02 21 17 23 10 21 05 07 19 25 06 29 14 12 23 16 22 04 26 29 29 15 19 03 24 11 02 03 24 25 23 17 07 01 10 16 13 14 14 01 09 20 29 14 23 14 29 14 09 25 12 07 01 30 01 24 03 24 26 18 18 10 04 24 11 13 01 23 19 06 16 19 17 14 02 09 19 30 22 27 16 26 25 16 17 25 01 19 10 26 28 27 28 02 
12 08 06 12 22 24 18 07 12 26 21 13 05 01 05 26 28 20 21 14 28 08 01 28 18 10 16 16 29 13 17 10 12 22 14 03 08 23 10 19 18 22 24 22 22 28 18 11 09 30 25 28 07 25 18 17 26 03 02 24 07 18 04 10 01 09 12 08 01 13 19 18 26 12 02 10 01 11 20 09 10 06 29 09 22 16 25 18 18 26 03 16 05 28 25 27 06 28 05 06 
03 15 16 28 26 09 07 18 19 19 18 28 24 16 06 16 01 30 25 10 25 27 17 21 25 11 18 30 01 14 28 03 28 05 22 23 13 29 02 01 17 19 28 02 05 26 17 27 25 03 07 12 30 23 02 16 26 11 07 18 24 26 12 21 30 03 05 04 01 06 04 09 25 24 11 21 19 19 17 05 22 15 08 13 08 02 20 25 12 26 12 06 22 23 18 13 17 23 17 10 
28 20 18 14 05 20 26 15 01 13 20 22 27 19 26 26 20 07 12 02 02 15 29 15 29 16 28 16 08 14 25 28 25 04 03 30 16 29 14 16 11 25 29 29 14 24 17 25 30 28 26 23 13 16 08 11 02 27 26 01 10 12 20 26 08 23 25 23 21 01 08 23 25 06 13 30 21 29 25 12 19 12 04 23 28 03 03 21 29 21 13 30 24 03 26 01 25 12 23 07 
12 30 21 29 05 03 20 25 24 14 06 04 18 02 26 07 04 20 27 25 10 09 24 26 03 11 26 19 23 19 25 04 10 07 24 07 02 14 01 25 19 29 20 28 22 07 04 17 26 22 11 28 23 27 23 25 07 18 14 21 28 30 17 30 07 10 06 08 15 06 24 04 26 13 01 17 19 27 26 06 18 06 03 10 24 25 05 23 05 10 13 24 09 29 23 15 01 28 22 15 
26 15 10 13 19 11 22 29 29 17 05 16 22 07 26 08 24 22 30 20 01 12 13 09 03 28 24 03 25 07 17 12 14 27 25 02 29 16 01 27 02 27 04 15 03 29 22 18 20 13 07 20 25 12 21 27 09 14 21 25 20 07 07 25 25 23 27 15 08 19 11 01 15 15 07 09 05 29 27 17 03 25 28 27 06 18 15 14 23 05 09 05 04 07 29 28 29 25 05 06 
05 15 28 19 21 04 20 18 24 16 04 27 10 01 15 16 11 30 21 03 26 21 07 21 27 06 11 25 22 15 30 27 21 19 07 04 23 26 21 16 03 16 12 05 08 19 12 18 18 02 21 05 23 19 26 19 24 06 14 08 12 05 04 02 24 10 05 08 28 17 23 30 02 27 04 10 15 15 27 24 09 09 20 01 28 15 11 21 12 16 28 23 13 23 17 06 25 21 05 22 
08 19 13 09 07 09 10 21 15 07 06 23 15 26 15 12 02 26 25 06 03 14 20 15 07 06 12 23 19 16 06 18 05 18 18 11 26 28 24 11 04 21 25 10 16 10 14 10 27 08 15 29 21 04 06 19 02 17 03 20 25 08 07 29 18 24 01 05 13 16 07 16 07 02 18 14 11 01 23 29 08 29 19 20 25 24 01 26 03 25 07 27 03 13 17 12 28 09 16 11 
25 23 18 01 24 05 14 26 05 29 16 04 27 04 16 21 20 08 08 22 02 14 10 04 18 26 07 16 04 23 18 28 07 05 20 30 02 26 17 28 24 02 24 20 27 09 03 08 16 10 29 17 24 30 13 11 25 19 18 21 03 05 10 09 02 30 30 25 25 16 22 10 09 15 29 28 15 23 05 22 03 26 09 26 25 13 28 12 23 16 02 26 12 03 26 13 24 26 29 10 
03 21 19 04 27 10 23 04 02 27 25 04 14 25 21 09 07 11 20 22 26 13 09 29 07 04 12 01 21 02 10 24 22 21 19 11 30 11 06 01 29 30 27 13 25 09 21 23 19 02 14 06 06 22 05 12 18 08 12 08 09 14 01 23 04 11 25 25 21 30 17 20 21 05 02 15 14 14 30 24 15 13 22 20 27 18 23 14 25 27 21 25 10 14 09 05 24 25 29 07 
24 15 26 15 20 19 21 25 02 20 18 08 25 01 19 13 18 11 26 12 07 08 29 08 13 29 12 29 24 02 05 17 09 22 23 20 10 06 14 03 25 23 10 11 24 20 23 11 30 10 15 29 10 05 06 22 03 10 20 26 11 24 05 11 15 19 30 16 24 13 18 11 28 19 13 21 08 06 23 30 07 07 28 16 11 25 30 06 04 19 01 07 05 27 17 11 16 17 19 09 
21 28 11 18 17 24 30 24 21 23 15 27 21 12 05 24 07 04 29 02 14 21 30 10 18 17 13 03 25 01 03 07 28 06 25 14 29 16 30 11 30 14 07 21 18 03 06 16 28 04 17 04 16 17 13 03 25 25 27 19 17 22 25 15 27 11 20 17 19 11 27 18 17 25 30 04 28 05 11 17 30 27 20 16 05 03 10 29 19 07 09 28 28 26 04 16 28 23 02 16 
26 28 04 04 14 25 29 11 30 09 20 21 27 09 28 02 03 08 22 14 06 23 11 25 18 14 02 15 28 03 23 15 22 26 18 05 20 16 08 11 24 27 24 21 27 21 14 30 20 27 05 17 19 15 03 28 20 04 05 09 28 27 24 19 14 11 16 03 19 23 06 04 11 29 16 07 11 21 28 23 18 02 09 06 08 04 04 27 07 08 06 05 26 21 15 09 01 30 03 11 
14 08 07 24 28 22 23 01 13 20 23 30 14 23 27 21 26 22 10 25 21 07 29 16 27 05 24 19 05 27 22 18 26 28 04 16 19 26 08 23 07 30 14 12 14 11 25 02 02 04 26 23 02 16 30 28 20 24 08 24 12 29 04 29 26 07 06 15 24 13 29 30 04 13 04 18 23 28 19 16 01 14 30 02 21 30 21 10 23 28 26 26 27 29 16 14 27 22 28 20 
04 19 11 08 01 14 25 23 11 05 08 03 10 08 26 30 29 08 01 13 06 26 08 24 24 23 07 12 06 27 23 10 15 26 17 15 01 03 29 04 29 28 06 08 27 24 29 25 01 29 07 28 25 14 13 10 29 12 14 04 08 06 05 14 01 21 20 02 15 18 05 13 07 02 12 04 17 02 28 18 01 05 07 17 10 20 18 30 01 01 26 30 29 30 05 21 13 24 22 27 
03 18 02 09 12 05 12 28 07 10 07 07 06 14 15 15 03 24 07 25 25 02 24 15 01 28 05 13 13 19 02 15 28 25 15 09 29 27 07 05 28 13 03 25 18 17 01 20 11 07 06 27 08 21 03 01 10 07 05 22 17 28 28 15 22 13 23 21 01 21 17 28 26 20 14 13 28 14 25 30 21 22 18 20 13 20 12 22 19 17 06 05 06 03 19 28 15 04 10 07 
16 26 26 03 07 09 08 05 23 02 04 13 23 22 24 27 03 06 19 21 14 24 26 19 18 06 08 25 01 17 01 09 05 27 11 11 05 18 07 19 11 11 23 26 24 17 22 26 14 10 17 27 25 04 15 13 09 15 07 02 01 07 10 27 25 12 30 22 30 06 10 10 08 03 05 01 11 19 19 24 28 27 20 15 30 26 27 30 10 25 01 03 23 02 21 18 14 20 01 13 
26 10 14 03 04 11 26 14 29 06 07 18 02 18 24 01 06 20 22 15 06 15 09 29 16 30 08 21 19 08 25 06 09 01 01 13 11 26 18 01 01 17 10 24 04 04 16 09 15 07 16 13 13 24 11 21 15 10 11 26 09 28 23 17 28 23 21 30 10 09 22 02 25 01 25 20 26 10 29 03 09 06 15 21 29 17 03 06 26 14 01 26 11 23 12 30 08 25 29 17 
25 20 19 11 12 13 30 30 15 20 02 15 25 16 27 16 24 30 21 11 05 13 06 15 27 09 06 04 03 04 21 19 15 01 29 26 05 29 25 19 18 18 25 05 25 22 20 18 21 10 28 25 22 25 01 10 04 06 14 28 01 26 17 15 26 15 02 22 05 19 03 15 06 27 19 23 18 30 10 08 09 30 24 22 16 24 01 11 29 06 09 21 01 17 05 18 23 07 10 28 
25 12 04 22 30 14 14 18 13 16 17 13 07 11 26 14 26 18 25 17 24 03 07 16 19 12 26 11 10 05 30 26 08 25 09 29 30 23 16 04 30 25 16 28 27 11 11 22 29 05 08 14 29 07 29 17 18 24 20 19 20 11 14 19 28 22 18 27 06 25 01 27 11 08 24 07 11 27 21 09 01 28 14 30 26 04 08 13 20 19 23 01 22 28 20 19 12 29 07 09 
15 07 06 26 15 21 24 25 17 14 25 10 04 30 01 29 03 30 04 22 19 26 23 10 16 04 20 27 24 26 05 30 03 02 17 09 23 11 25 01 16 11 02 11 10 24 10 04 24 05 26 12 22 10 13 07 05 02 03 20 27 30 11 21 01 28 21 23 30 15 16 07 17 17 18 26 03 27 30 26 23 17 29 14 18 03 21 14 04 15 25 22 14 05 05 15 02 25 29 23 
02 14 30 10 23 09 28 25 27 27 12 19 05 10 02 14 12 14 27 07 29 21 20 04 17 16 18 11 11 17 03 04 22 24 13 06 24 02 30 20 28 03 08 24 12 02 29 15 07 17 13 05 07 03 09 16 10 18 26 12 04 20 15 18 14 20 23 29 21 15 19 11 17 18 26 21 11 25 05 18 11 10 14 10 04 22 25 13 02 12 25 27 01 01 14 06 12 07 05 03 
13 15 05 29 02 22 11 13 08 16 22 19 17 05 20 20 19 06 24 20 17 18 16 09 19 30 15 30 28 11 24 10 25 20 30 18 12 11 22 19 18 13 29 26 18 18 15 06 15 08 17 23 18 02 02 06 23 08 27 20 10 13 21 04 02 13 21 13 15 13 24 02 25 22 27 04 02 03 01 16 02 17 01 19 19 24 24 11 23 13 23 02 25 05 05 26 17 17 01 01 
21 24 24 08 07 12 11 08 14 04 16 16 20 16 04 30 01 20 11 23 24 25 16 18 29 20 05 08 28 27 08 19 20 24 18 27 05 20 26 11 23 11 26 05 18 21 04 18 02 06 02 17 30 17 26 21 28 01 28 18 19 05 28 01 20 15 19 25 04 14 05 19 17 22 23 04 04 26 14 06 02 07 22 23 24 10 13 13 10 10 30 28 07 27 20 26 03 08 12 07 
22 16 17 08 29 09 03 03 26 16 30 27 23 13 12 08 22 24 12 23 26 12 13 02 30 02 19 03 10 23 01 23 30 17 30 29 17 02 23 12 10 22 01 24 26 12 23 18 05 04 02 30 07 14 23 07 16 04 01 17 26 01 09 17 09 08 15 25 01 07 06 02 20 28 17 16 09 09 25 14 05 26 05 11 10 20 09 17 23 09 03 10 01 11 18 09 10 03 25 02 
01 23 04 13 20 12 20 29 21 14 04 17 01 08 19 02 19 28 18 03 28 12 04 29 22 22 29 23 16 24 25 16 08 20 20 27 01 09 17 13 14 20 29 07 20 10 08 08 07 26 11 04 07 14 24 21 27 23 05 12 08 21 20 07 10 09 03 03 10 12 07 23 23 28 29 04 07 29 04 13 24 06 08 22 11 02 04 08 16 01 19 15 21 08 21 01 17 15 25 26 
26 01 10 11 28 01 14 04 29 17 08 14 22 16 27 03 09 23 02 24 23 20 08 13 28 28 05 06 12 21 23 30 22 24 10 11 16 15 15 14 02 22 19 15 29 08 09 07 22 10 22 14 30 29 18 19 18 15 24 22 05 08 13 18 01 22 29 17 28 05 22 29 26 03 06 17 10 14 23 01 24 07 06 15 27 15 03 15 29 18 28 26 25 10 13 17 23 03 25 20 
07 09 11 25 11 16 11 12 29 25 04 14 01 09 28 28 15 22 04 06 09 23 01 25 02 05 04 16 30 28 05 06 06 07 22 08 22 02 19 13 19 22 26 11 22 16 30 07 07 03 04 08 17 26 24 18 30 27 03 21 17 30 27 14 06 18 22 20 12 02 02 22 16 19 02 07 04 02 05 03 26 08 02 13 03 25 22 25 14 17 15 30 08 03 05 13 13 26 24 16 
20 25 07 05 14 30 11 09 01 08 03 19 15 04 23 10 29 14 04 12 22 10 03 29 05 07 04 09 25 27 24 14 22 30 18 27 29 20 27 22 27 30 02 04 03 24 13 01 07 08 04 29 09 06 27 13 13 30 21 07 19 14 12 10 05 29 28 26 10 24 09 07 23 10 10 26 03 14 18 01 13 22 21 21 19 10 04 01 01 16 29 19 22 10 28 18 30 25 05 10 
19 13 08 03 14 17 28 08 22 08 09 04 29 29 24 17 08 19 10 01 05 30 19 18 10 09 05 01 03 10 10 13 14 17 08 28 25 05 05 08 12 05 11 02 26 27 11 25 15 20 25 11 11 14 20 20 22 25 21 16 26 22 21 09 01 28 28 25 24 25 03 28 29 05 21 24 01 01 11 08 12 05 10 23 18 30 04 01 16 16 17 11 08 29 11 08 26 01 24 11 
25 18 08 15 23 29 01 15 21 11 14 03 15 24 17 25 15 20 25 30 06 11 02 05 09 12 04 26 12 19 07 28 07 06 13 21 04 13 27 17 15 11 11 29 26 27 23 10 16 10 09 13 12 10 09 21 13 04 08 25 23 06 22 21 12 26 03 07 30 29 23 14 09 03 13 26 29 27 05 07 06 13 11 10 14 12 30 19 07 29 13 29 05 26 11 08 14 13 14 13 
04 29 27 04 01 01 30 22 27 04 20 25 09 22 04 14 25 25 02 02 15 06 22 19 24 03 26 07 07 02 19 10 30 15 06 30 15 05 13 04 30 24 28 30 16 23 14 10 09 15 11 23 13 03 04 06 27 29 12 25 22 22 27 21 07 02 13 13 28 25 16 27 19 05 27 26 27 02 05 27 16 08 20 20 02 23 25 20 13 28 14 05 20 10 17 18 11 29 30 08 
16 16 27 26 12 23 21 09 24 17 05 01 24 16 13 17 08 07 06 13 27 20 09 08 21 25 25 02 24 24 01 09 01 27 04 13 11 16 13 26 02 09 19 18 25 01 04 24 29 02 06 17 21 14 24 03 09 18 04 24 04 27 24 26 15 19 08 18 04 12 13 27 21 23 14 07 23 10 30 14 11 06 30 23 11 24 25 11 03 21 04 28 17 27 24 23 07 23 10 10 
05 15 07 17 07 12 23 22 21 22 05 01 19 26 23 22 11 10 02 14 30 06 03 16 24 26 08 23 19 10 02 15 24 30 01 22 12 15 13 24 28 09 25 09 27 09 30 07 18 01 12 17 28 15 24 14 10 24 06 20 03 29 26 18 21 26 09 24 02 14 17 30 22 11 08 18 12 29 25 29 21 06 08 19 20 01 24 22 16 21 11 10 19 07 27 01 24 06 24 18 
19 11 09 02 13 08 20 16 06 06 15 26 03 14 06 15 06 21 06 22 11 08 01 22 06 28 22 22 25 16 01 05 18 09 06 22 16 17 08 21 14 14 08 17 27 14 23 02 26 20 23 07 19 16 28 17 05 11 08 29 18 08 03 05 08 30 27 23 17 26 05 30 09 12 08 05 17 30 28 13 19 13 11 30 28 08 16 02 10 23 22 28 22 24 24 29 23 12 13 01 
07 17 01 15 20 30 11 29 30 09 03 10 13 13 09 10 12 24 03 21 08 24 18 21 09 04 19 23 15 23 24 22 01 16 28 21 15 01 11 06 01 13 16 13 25 16 14 06 10 16 18 09 01 28 30 09 01 10 23 15 03 08 28 03 23 18 15 30 18 25 05 18 29 12 22 23 28 05 20 29 12 08 07 12 05 06 12 27 08 04 11 10 12 01 04 26 18 11 25 27 
27 22 06 26 03 27 10 30 01 30 20 12 29 27 15 03 24 26 21 01 21 01 02 24 23 28 20 02 08 06 28 04 27 03 21 22 21 01 13 13 22 03 24 20 21 30 14 06 17 04 29 08 26 30 23 19 19 04 20 26 02 10 22 28 12 04 11 25 04 24 07 25 18 01 06 08 22 19 05 09 22 03 08 18 25 30 28 13 26 17 01 27 26 14 16 30 17 27 24 13 
20 30 29 07 22 05 06 14 15 02 14 07 05 21 16 21 12 13 03 07 29 25 03 17 30 11 08 17 07 01 21 18 22 19 16 06 15 13 11 30 14 24 06 18 06 13 08 09 25 03 08 23 19 02 01 19 12 08 27 18 30 17 05 14 27 12 19 12 24 21 03 08 14 30 17 11 12 17 11 06 11 18 20 29 20 21 09 01 20 05 11 12 13 07 25 10 19 05 21 12 
25 23 11 30 14 28 02 25 14 12 30 24 30 19 14 11 01 23 11 13 19 13 24 02 20 10 11 30 06 23 03 22 07 14 21 20 03 14 14 16 25 05 01 16 15 06 26 16 28 29 28 09 03 13 10 14 14 12 13 19 04 08 10 02 13 22 21 15 05 26 22 21 22 14 07 06 19 24 21 17 22 10 17 25 14 26 08 27 07 13 15 02 20 16 03 02 07 15 08 11 
02 29 24 23 04 30 28 22 23 11 30 07 12 16 23 18 11 22 14 09 26 21 02 15 06 26 08 13 10 07 15 03 27 08 17 30 29 15 22 14 17 13 20 20 29 04 07 01 25 13 02 13 03 03 19 08 29 27 12 30 25 27 03 22 26 19 13 25 25 04 08 03 17 19 15 07 22 21 07 08 03 08 20 27 03 09 05 01 27 16 22 21 04 24 04 30 05 17 24 21 
12 01 16 20 11 30 26 02 12 03 01 07 02 21 03 26 21 29 26 17 07 18 29 10 03 03 09 29 11 24 12 22 16 27 12 26 18 07 19 29 01 20 27 25 02 22 20 22 20 08 30 26 17 28 06 19 22 06 10 24 30 21 16 07 09 19 03 26 25 21 16 18 02 13 12 03 04 23 16 15 30 15 11 16 05 08 27 18 05 06 12 26 18 19 03 26 07 27 13 23 
09 28 10 11 02 13 05 05 06 21 12 27 05 22 05 01 21 01 19 25 28 22 21 07 10 23 02 16 19 14 08 27 03 10 29 05 14 04 01 11 24 12 08 20 03 12 21 15 04 01 10 01 22 22 29 23 14 30 08 24 05 07 12 07 08 03 03 22 06 04 02 21 15 01 10 10 12 22 24 07 22 03 29 05 24 27 27 29 26 26 14 22 25 18 21 02 20 23 15 17 
26 17 07 03 09 08 12 21 30 05 19 13 30 18 18 15 14 14 06 02 10 11 15 04 28 05 27 09 20 12 25 15 20 23 09 28 23 20 10 14 25 29 26 16 16 05 30 21 19 27 22 20 08 07 23 05 03 11 06 22 22 30 29 03 15 07 01 07 27 10 12 13 30 07 20 15 12 11 06 22 08 19 11 15 17 25 11 20 05 16 11 19 08 09 21 14 08 21 20 04 
23 01 08 22 29 27 29 02 29 26 23 06 14 03 12 01 19 23 20 24 30 22 04 29 23 24 12 30 07 23 03 29 15 02 12 14 20 10 07 18 05 30 16 11 24 27 03 13 11 14 28 11 05 01 01 27 16 13 26 22 05 20 12 12 13 24 25 02 25 01 12 22 22 27 24 16 23 26 20 26 09 17 28 13 17 28 02 24 10 19 16 07 09 19 18 13 04 04 15 29 
26 18 12 18 14 05 25 28 30 14 23 30 30 20 12 08 10 05 01 19 24 08 17 24 27 04 06 22 29 12 20 17 29 23 04 12 27 20 02 18 03 16 17 24 28 21 23 07 25 15 17 10 15 04 03 03 29 09 24 28 20 06 14 19 28 09 22 17 20 15 04 14 01 21 07 28 11 21 26 27 27 12 07 11 15 09 13 14 09 29 03 21 04 08 01 23 08 14 09 27 
29 05 02 21 17 30 10 27 20 05 15 08 16 21 19 23 22 23 28 22 21 22 12 16 21 12 01 28 26 01 16 24 05 17 06 21 08 15 09 27 11 24 04 18 06 14 10 27 07 29 19 19 20 22 27 10 04 27 29 29 27 06 14 24 14 19 14 21 25 23 09 05 08 05 14 13 18 24 02 16 22 12 27 04 03 23 13 06 11 04 26 29 09 01 22 23 19 06 13 05 
20 22 01 19 26 15 23 05 30 16 21 13 27 17 16 22 01 21 19 11 24 15 09 02 15 23 16 26 20 29 22 01 12 23 19 07 29 11 11 28 27 23 10 15 01 18 06 01 08 17 03 23 01 04 16 07 26 02 24 15 22 16 15 03 08 25 01 28 27 03 25 15 26 26 22 26 13 27 19 12 13 21 26 05 16 12 12 11 05 27 17 26 12 23 20 11 17 20 08 06 
14 02 20 09 20 11 27 24 30 07 28 04 27 23 01 13 04 04 15 30 30 02 25 12 24 06 22 03 17 30 08 01 23 19 01 04 30 27 28 21 03 25 24 22 17 24 26 13 27 02 12 27 03 29 08 19 04 21 13 13 20 20 13 05 08 13 08 29 02 05 19 26 21 13 09 30 28 04 12 25 06 15 13 30 05 12 10 09 02 22 21 22 11 25 18 11 07 25 09 30 
22 20 26 12 02 26 11 21 30 14 15 27 29 19 18 03 30 28 03 02 19 15 15 22 09 02 24 08 18 02 29 09 13 24 13 06 20 15 27 11 29 03 29 27 22 08 21 21 05 24 14 16 30 20 29 01 13 22 08 01 15 28 01 28 14 13 03 25 28 29 05 18 02 25 14 15 02 26 27 29 11 11 06 11 22 04 11 05 25 10 05 09 29 27 28 12 02 01 06 21 
21 02 08 22 26 13 28 20 08 25 10 19 27 15 21 18 18 23 14 04 24 18 12 22 07 02 04 08 02 09 28 22 11 05 06 28 09 03 17 16 19 18 26 15 02 16 25 19 30 08 22 23 18 26 15 24 27 10 23 20 18 12 03 20 08 08 18 16 03 26 23 13 06 19 20 07 26 14 26 26 13 09 18 22 26 24 07 14 03 29 03 13 02 06 02 09 05 11 16 29 
29 09 12 04 27 01 02 22 06 19 17 10 28 27 02 15 20 08 29 23 07 01 27 30 28 20 09 25 23 24 23 13 02 04 08 20 26 09 12 23 28 28 03 17 24 04 23 06 11 21 20 09 14 16 09 03 27 09 27 19 02 20 01 26 15 30 15 11 09 26 03 28 16 27 06 01 30 28 28 11 19 17 11 24 24 11 26 21 19 23 09 13 04 02 08 18 01 22 20 01 
10 23 28 17 19 03 09 11 23 07 13 11 15 23 26 09 04 21 29 14 05 29 26 08 22 03 26 23 17 15 15 18 29 13 26 10 07 04 12 29 02 24 01 17 08 18 17 03 09 07 17 05 27 12 13 19 07 30 03 15 06 17 24 05 21 19 06 28 14 17 18 08 02 11 16 09 28 02 12 28 08 20 03 04 23 07 14 29 28 16 05 03 25 28 29 15 16 04 04 30 
12 14 07 13 24 14 14 21 15 25 19 14 06 13 09 28 11 23 27 08 08 01 10 02 29 09 09 06 04 12 27 08 25 25 12 10 08 25 01 22 11 11 27 16 15 06 14 25 28 02 02 27 24 03 29 14 03 29 20 29 10 08 06 27 03 17 06 10 04 06 24 14 08 20 30 22 25 05 08 14 06 09 11 21 04 01 05 06 29 16 04 08 23 01 04 17 10 02 27 13 
29 12 26 07 01 17 20 18 13 20 01 18 20 03 01 23 03 27 29 01 12 24 01 26 25 26 13 26 27 01 08 26 04 25 24 26 04 05 13 16 24 06 26 14 30 26 06 03 22 26 25 25 20 25 12 06 21 16 01 09 16 30 26 11 16 19 07 19 24 11 05 17 08 22 30 08 17 28 10 30 23 04 24 04 21 05 01 03 21 23 11 28 14 07 09 30 17 07 18 10 
17 14 19 17 05 10 24 13 07 25 12 22 28 27 17 10 02 18 12 14 02 15 11 16 21 11 15 29 17 24 09 26 30 19 12 26 28 27 01 05 21 12 18 10 01 04 20 02 13 01 07 07 07 09 22 19 20 28 18 28 13 26 15 04 14 26 30 03 22 22 29 04 25 16 14 25 12 03 18 16 25 24 22 02 03 05 20 14 02 07 11 07 24 18 10 29 05 09 02 27 
30 30 22 17 08 05 11 11 07 29 26 24 22 10 17 16 14 06 29 08 05 02 14 20 19 23 19 23 24 12 11 15 03 03 01 02 29 12 12 28 10 08 21 23 09 07 01 22 04 21 29 30 22 12 20 02 27 30 17 20 03 19 04 05 13 27 07 12 08 18 09 09 17 21 23 25 27 23 09 22 14 29 22 27 03 03 21 29 24 07 18 26 25 13 30 30 09 28 11 08 
08 19 16 16 01 01 03 19 23 11 10 28 09 23 25 11 17 15 09 10 13 18 05 29 23 27 28 23 24 08 01 23 18 08 09 18 08 11 06 23 13 08 20 21 30 06 24 09 12 24 18 24 04 23 23 26 19 12 10 04 20 02 19 29 10 19 09 09 29 06 01 03 13 13 15 05 18 08 13 30 24 30 15 27 14 29 14 24 11 23 20 22 25 08 12 26 26 20 04 16 
26 27 18 30 09 02 26 18 02 08 09 25 30 16 13 05 14 26 29 16 18 18 07 04 17 19 29 12 30 03 19 25 29 06 17 29 29 12 08 22 12 17 16 11 02 28 07 07 15 05 23 03 14 29 06 30 09 05 03 09 29 21 25 19 18 11 09 09 23 16 30 26 02 08 28 25 27 04 02 12 01 24 06 14 22 11 06 23 07 08 01 27 21 25 15 08 28 23 08 12 
09 08 07 02 15 04 27 11 29 28 14 29 21 19 13 04 22 18 18 28 17 18 17 29 05 01 07 24 16 14 05 16 13 03 17 19 28 05 22 26 02 05 25 14 24 07 10 15 16 27 04 24 07 20 23 03 21 21 26 28 26 30 13 09 24 21 27 21 26 18 16 27 23 10 03 08 08 04 22 23 22 17 17 28 07 01 30 19 21 17 16 16 08 28 24 01 18 13 21 05 
22 29 24 06 08 26 13 16 21 26 30 12 13 08 02 19 08 23 07 28 10 14 14 17 03 29 18 12 11 30 17 03 28 10 08 06 27 13 13 17 08 04 20 20 04 21 30 11 06 28 01 15 11 06 01 13 04 10 25 07 10 03 09 29 12 08 26 08 20 30 16 20 04 05 09 07 18 01 09 23 28 09 29 01 06 21 13 10 01 29 16 02 01 16 30 04 23 18 11 05 
17 18 24 20 15 24 18 24 24 19 16 14 27 06 14 25 26 26 04 18 17 19 19 09 26 11 13 18 28 15 14 14 03 07 26 09 01 05 02 16 23 09 29 12 14 12 06 09 30 09 19 08 19 07 16 14 09 28 23 06 13 29 12 07 05 29 15 27 03 16 13 26 24 11 07 29 15 04 29 14 12 17 21 22 16 28 27 24 18 11 22 22 09 25 28 14 23 04 10 25 
11 14 12 26 25 18 24 09 21 22 14 24 01 26 15 16 15 03 01 02 14 22 23 22 16 20 27 30 15 29 25 25 12 06 20 06 16 05 06 28 19 11 22 19 28 28 26 13 23 26 14 06 10 07 19 17 18 08 17 03 06 11 19 17 08 01 15 15 05 12 13 15 23 26 25 12 15 20 24 07 08 08 04 17 06 15 25 23 22 11 17 27 13 28 05 21 28 19 05 24 
23 09 09 07 04 03 18 11 15 12 09 14 11 13 22 08 27 16 22 10 27 09 06 09 28 10 29 25 21 26 18 13 04 18 19 30 13 28 10 19 01 18 02 11 22 23 18 10 08 10 19 04 10 16 05 07 18 03 23 08 20 02 12 16 20 22 15 24 11 16 12 12 25 05 22 17 27 02 18 26 03 07 30 04 14 04 02 01 28 24 30 10 25 03 25 06 24 01 21 27 
16 24 08 02 28 21 18 24 22 28 12 16 26 11 19 09 06 20 10 25 05 09 26 22 12 20 19 27 20 10 23 27 03 30 29 01 13 08 16 04 05 27 12 30 29 30 01 26 12 10 13 08 10 08 29 13 20 18 10 01 19 24 28 21 16 18 13 28 25 21 23 22 09 04 13 30 26 13 17 29 14 29 06 24 29 05 06 18 14 07 18 02 23 07 14 30 24 19 19 11 
09 11 02 09 07 06 08 02 11 25 22 24 23 27 09 13 23 07 30 06 05 10 29 19 16 13 18 02 01 06 12 01 17 05 09 15 10 17 16 12 03 07 06 17 25 06 30 18 12 21 15 17 22 14 05 08 18 15 01 18 20 12 10 28 08 10 12 09 18 19 21 20 17 26 07 04 23 28 21 05 18 05 13 10 10 09 09 27 23 09 06 13 12 15 02 19 25 06 27 12 
24 17 24 03 04 22 06 19 19 18 23 28 22 05 29 24 05 07 20 28 07 26 02 10 10 03 28 26 08 17 30 24 25 15 18 21 06 15 09 24 02 23 13 15 27 12 08 23 10 28 20 17 23 21 26 24 16 16 12 15 24 03 08 18 17 17 30 22 01 30 07 02 22 11 09 10 22 16 03 02 05 22 10 19 05 27 05 20 04 16 04 27 10 04 07 26 20 28 09 13 
28 07 06 19 17 14 29 01 22 23 24 26 14 03 15 18 21 19 29 25 26 03 13 05 06 11 22 17 09 30 29 28 28 05 16 06 10 06 06 01 28 29 27 04 23 03 13 14 13 12 30 08 14 04 04 11 15 25 27 15 16 26 12 05 22 19 10 01 17 16 02 06 06 20 09 29 14 22 04 26 03 25 25 08 28 20 18 04 06 14 10 13 01 13 17 14 02 26 15 18 
03 08 23 09 19 24 07 24 07 02 19 01 26 05 08 15 16 17 19 21 22 20 03 23 03 11 06 04 06 12 13 09 11 27 17 29 20 15 22 26 16 02 26 03 28 25 17 05 11 27 25 03 17 19 17 19 21 14 14 27 18 26 27 28 14 05 19 26 19 10 13 26 04 01 28 23 25 14 28 28 11 14 30 27 25 08 07 15 13 20 11 30 07 29 20 20 03 08 15 13 
09 20 08 04 20 05 27 14 11 24 03 13 07 24 09 23 01 07 08 14 26 10 05 02 09 24 13 11 23 20 24 02 09 23 05 28 20 23 03 30 16 06 12 15 29 12 07 30 10 06 05 05 16 01 28 24 17 10 26 09 29 11 02 07 04 07 26 23 29 29 14 07 04 17 13 24 20 11 15 29 17 11 03 02 12 22 17 28 01 12 28 22 23 30 20 26 06 16 10 26 
06 15 24 09 01 28 24 12 09 09 10 17 19 04 10 30 25 26 19 17 07 17 08 29 08 28 16 05 05 17 30 10 01 16 10 23 13 03 26 13 11 05 29 30 30 30 21 16 25 02 03 02 18 02 22 17 21 30 21 25 16 12 04 09 27 13 23 02 16 19 14 18 15 05 17 07 04 30 22 29 01 16 22 10 10 05 26 30 04 16 17 12 27 20 20 16 25 04 17 02 
22 22 11 29 26 28 05 22 19 26 12 19 04 25 20 13 29 15 04 03 22 20 14 18 02 25 25 18 28 11 11 20 03 21 18 20 10 14 03 28 09 14 08 04 08 27 16 29 03 12 01 24 01 06 04 24 30 28 11 27 09 21 08 03 12 17 14 21 30 17 11 01 22 18 04 22 15 12 20 09 23 12 03 15 17 06 09 08 25 11 26 25 02 04 27 05 12 11 17 04 
19 27 26 10 15 29 01 21 02 12 29 16 23 23 23 01 20 01 08 15 03 04 09 26 29 28 30 10 30 09 05 18 05 30 19 11 21 12 23 22 23 14 30 16 06 22 08 26 14 16 02 16 19 02 12 17 29 03 18 28 11 15 07 08 14 26 10 04 29 25 18 21 08 17 28 05 08 06 30 21 21 23 28 01 25 01 09 15 26 26 13 28 10 11 05 16 28 07 19 26 
01 28 17 08 14 06 12 13 11 04 25 23 18 23 15 12 15 23 27 10 11 01 08 20 03 04 27 01 10 08 26 10 05 04 09 11 10 13 23 12 08 18 27 25 02 11 07 08 04 25 18 14 25 25 25 27 28 14 19 30 21 15 01 25 10 10 05 11 14 20 15 21 29 11 15 30 13 13 07 08 07 16 13 23 10 30 12 30 13 30 21 03 06 21 27 08 22 24 18 05 
13 24 17 11 26 02 02 09 06 30 16 13 16 21 27 17 20 30 16 02 22 28 04 27 19 22 26 02 07 06 29 11 29 15 21 25 08 14 03 14 14 10 18 21 30 06 07 11 06 15 12 27 12 07 15 30 21 11 24 27 16 22 30 06 28 12 30 06 26 24 11 01 04 20 21 25 25 27 06 30 11 09 18 23 16 03 14 28 05 07 24 12 20 15 17 18 27 17 23 22 
10 25 22 05 14 12 22 08 30 27 30 11 05 09 25 12 03 08 09 07 07 25 18 26 09 27 13 05 13 27 26 14 21 09 11 26 12 02 26 12 20 17 22 24 25 16 28 28 15 06 26 21 22 06 09 01 02 21 05 06 10 23 11 22 23 21 18 05 22 05 16 11 21 29 27 07 06 16 04 20 21 22 03 13 27 11 05 28 01 01 25 02 23 05 24 16 26 03 12 09 
07 27 12 27 25 30 03 30 15 29 11 27 20 13 01 16 23 27 05 16 28 21 17 12 25 02 27 12 04 08 13 10 26 24 28 20 15 01 11 21 21 22 17 10 26 10 17 19 06 13 26 03 03 04 15 27 06 03 01 09 03 13 11 28 28 08 10 04 08 12 24 28 25 02 29 21 11 15 01 09 19 26 11 21 29 17 10 26 12 10 27 14 14 07 03 11 14 04 14 14 
